0 0.166834 0.611965 0.007515 0.010695
0 0.168211 0.672460 0.013778 0.015374
0 0.016909 0.728108 0.014780 0.013703
0 0.073146 0.743316 0.023547 0.022727
0 0.243111 0.755682 0.016784 0.019385
0 0.308993 0.730615 0.028808 0.032754
0 0.628758 0.894552 0.011022 0.010361
0 0.582039 0.844418 0.009269 0.009024
0 0.114354 0.800969 0.016784 0.031751
0 0.443888 0.984124 0.008016 0.013703
1 0.244739 0.920956 0.327154 0.158088
1 0.527305 0.874164 0.087675 0.111297
1 0.668587 0.961063 0.122745 0.077874
1 0.868988 0.967246 0.207916 0.065508
1 0.075651 0.596257 0.146293 0.235294
1 0.270666 0.638536 0.157064 0.128008
1 0.175476 0.793951 0.071894 0.117981