0 0.125000 0.157086 0.020040 0.041444
0 0.674850 0.069352 0.019038 0.023061
0 0.755636 0.322694 0.020291 0.019719
0 0.803231 0.311999 0.015281 0.015709
0 0.146167 0.343583 0.009269 0.015374
0 0.145792 0.406250 0.012024 0.018382
0 0.255261 0.306818 0.008016 0.015374
0 0.865731 0.552473 0.011523 0.016043
0 0.455286 0.603610 0.018287 0.017380
0 0.528432 0.559158 0.010772 0.012701
0 0.144915 0.707052 0.009269 0.021056
0 0.385145 0.782754 0.014279 0.019385
0 0.480711 0.813503 0.018036 0.014037
0 0.452154 0.742146 0.009519 0.024398
0 0.619238 0.801638 0.018537 0.014372
0 0.593562 0.808322 0.013778 0.011029
0 0.719815 0.900401 0.010271 0.013369
0 0.863101 0.970755 0.025301 0.032420
0 0.511523 0.844753 0.008517 0.017714
1 0.152555 0.865307 0.290581 0.269385
0 0.324900 0.836898 0.032565 0.054813
1 0.504133 0.947193 0.389028 0.105615
1 0.877756 0.809659 0.241483 0.251671
1 0.061999 0.497660 0.114479 0.447861
1 0.378006 0.392380 0.070140 0.636364
1 0.275802 0.140541 0.097695 0.159425
1 0.658943 0.448697 0.159569 0.298463
1 0.602580 0.717747 0.258768 0.119318
1 0.724574 0.190842 0.197144 0.163770
1 0.924474 0.055983 0.151052 0.107955
1 0.931112 0.221925 0.087675 0.081551
1 0.977455 0.339906 0.045090 0.150401
1 0.968687 0.591243 0.062625 0.155749
1 0.849324 0.638536 0.149549 0.105949
1 0.828156 0.426303 0.125251 0.149398
1 0.505010 0.439840 0.100200 0.173797
1 0.521167 0.303309 0.069389 0.099265
1 0.507390 0.047293 0.066884 0.093917
1 0.208918 0.559492 0.096192 0.217246