0 0.468938 0.085060 0.008517 0.015709
0 0.494113 0.063503 0.010271 0.016043
1 0.386147 0.117981 0.095441 0.209225
1 0.441759 0.024064 0.068387 0.040775
1 0.640907 0.032086 0.050351 0.043449
1 0.617360 0.103443 0.058367 0.083890
0 0.615356 0.154913 0.014780 0.017714
1 0.656438 0.151237 0.037325 0.045120
1 0.865230 0.016544 0.030561 0.027072
1 0.954534 0.097761 0.061874 0.054479
1 0.909694 0.144385 0.035822 0.038770
1 0.802730 0.157253 0.096443 0.073864
1 0.782064 0.222761 0.102705 0.070521
1 0.858843 0.229612 0.024800 0.030749
1 0.939128 0.338235 0.117735 0.243984
0 0.723697 0.339572 0.010020 0.018717
1 0.551227 0.275568 0.099449 0.218917
0 0.530436 0.449031 0.014780 0.030414
0 0.638151 0.492146 0.016283 0.035762
1 0.717685 0.439505 0.061122 0.056150
1 0.635271 0.460060 0.087174 0.042447
0 0.586172 0.487299 0.009519 0.014037
1 0.270040 0.209559 0.032064 0.048128
0 0.296343 0.168616 0.009018 0.007687
0 0.149048 0.288102 0.026052 0.024064
1 0.100451 0.342246 0.063627 0.135695
1 0.181112 0.345254 0.091182 0.057487
1 0.015907 0.494652 0.031313 0.082888
1 0.046468 0.547627 0.031313 0.051136
1 0.053732 0.654078 0.097445 0.118316
1 0.135271 0.598262 0.064629 0.086898
1 0.718687 0.644051 0.026052 0.030749
1 0.763151 0.730448 0.108968 0.080548
0 0.846443 0.759191 0.015531 0.022393
0 0.901929 0.672460 0.014780 0.028075
0 0.898923 0.643215 0.010772 0.009693
1 0.961172 0.720421 0.077655 0.162767
0 0.211673 0.846591 0.015030 0.015374
1 0.295591 0.912433 0.062625 0.070187
1 0.425225 0.918282 0.039830 0.054479
1 0.353582 0.883857 0.025802 0.033088
1 0.483467 0.855114 0.038577 0.093917
1 0.540706 0.811330 0.018788 0.028409
1 0.580661 0.791611 0.027054 0.048463
0 0.911698 0.984459 0.023297 0.021725
0 0.322395 0.463737 0.010020 0.016377