0 0.035070 0.053977 0.064629 0.089238
1 0.023046 0.134693 0.045591 0.052807
0 0.444013 0.193850 0.012776 0.020053
0 0.543211 0.259024 0.022295 0.024733
0 0.819890 0.168951 0.024048 0.020388
0 0.389279 0.298630 0.012525 0.010361
0 0.460421 0.540441 0.025050 0.029412
0 0.160947 0.693015 0.018788 0.021056
0 0.222695 0.794953 0.009519 0.017714
0 0.292084 0.834392 0.009018 0.014372
0 0.656939 0.965575 0.018287 0.024733
0 0.596192 0.963235 0.009018 0.018717
0 0.805361 0.941678 0.025551 0.027741
1 0.324148 0.924298 0.480962 0.151404
1 0.513527 0.561664 0.050100 0.065842
1 0.404183 0.339906 0.086924 0.043449
1 0.385897 0.243148 0.063377 0.059158
1 0.704033 0.980615 0.048347 0.038770