0 0.021919 0.206718 0.042335 0.040441
0 0.077655 0.135027 0.021543 0.021390
0 0.087675 0.153743 0.021543 0.018048
0 0.105336 0.147727 0.012275 0.023396
0 0.123121 0.151404 0.008768 0.013369
0 0.063377 0.249332 0.010020 0.011364
0 0.343687 0.136698 0.003006 0.012701
0 0.779935 0.160929 0.017786 0.017045
0 0.890531 0.203710 0.018537 0.021056
0 0.939755 0.225769 0.027305 0.051136
0 0.836172 0.340575 0.020541 0.022059
0 0.224073 0.332721 0.009770 0.012366
0 0.245867 0.325702 0.015281 0.024398
0 0.239228 0.372828 0.013527 0.025735
0 0.163702 0.364973 0.018287 0.035428
0 0.273297 0.429479 0.025050 0.020053
0 0.291207 0.372326 0.015782 0.026070
0 0.095065 0.397393 0.021794 0.010027
0 0.132139 0.398563 0.009770 0.025067
0 0.955661 0.524733 0.009519 0.019385
0 0.929734 0.792781 0.004760 0.021390
0 0.990356 0.824198 0.018788 0.010695
0 0.984093 0.724766 0.010271 0.023061
0 0.021919 0.834559 0.009770 0.010695
1 0.132139 0.062166 0.256263 0.080214
1 0.644289 0.046457 0.115230 0.062166
1 0.818387 0.077707 0.157816 0.122660
1 0.955787 0.109960 0.088427 0.122326
1 0.475701 0.034258 0.035070 0.042447