0 0.270666 0.043449 0.012275 0.016043
0 0.204409 0.068516 0.011022 0.013369
0 0.233091 0.176638 0.012275 0.015709
0 0.223823 0.196190 0.011774 0.017380
0 0.560496 0.265374 0.009269 0.019385
0 0.896418 0.196023 0.014780 0.016377
0 0.517159 0.321190 0.012776 0.021390
0 0.394790 0.492146 0.019539 0.027741
0 0.535321 0.600267 0.025551 0.016043
0 0.763652 0.671624 0.012776 0.013703
0 0.881137 0.656918 0.020792 0.020388
0 0.154684 0.818683 0.015281 0.017714
0 0.339053 0.795956 0.009770 0.013703
0 0.409068 0.805314 0.019038 0.031083
0 0.455411 0.708055 0.014529 0.018382
0 0.937124 0.730448 0.012024 0.019719
0 0.648171 0.932487 0.015281 0.019385
0 0.409945 0.977607 0.014279 0.012701
0 0.430862 0.984626 0.014028 0.024733
0 0.454659 0.994652 0.012024 0.010695
0 0.299223 0.939840 0.007265 0.010695
0 0.076027 0.946357 0.016784 0.016377
1 0.623497 0.782754 0.200401 0.213904
1 0.417335 0.149566 0.225451 0.241644
1 0.089053 0.335561 0.163577 0.649733
1 0.906062 0.520053 0.187876 0.187166
1 0.897796 0.882520 0.204409 0.234960
1 0.029434 0.879679 0.050852 0.240642
1 0.258642 0.816176 0.106964 0.167112
1 0.696142 0.266544 0.071643 0.139372
1 0.765907 0.053142 0.154559 0.098262
1 0.823146 0.251003 0.075150 0.223930
1 0.957916 0.206885 0.084168 0.407754