0 0.264529 0.090408 0.019038 0.026404
0 0.102956 0.321023 0.012024 0.034425
0 0.098447 0.291611 0.018537 0.020388
0 0.295466 0.289606 0.019289 0.013035
0 0.287450 0.303643 0.007265 0.012366
0 0.419714 0.045120 0.013277 0.024733
0 0.430110 0.020889 0.007515 0.015040
0 0.188252 0.005515 0.020291 0.007019
0 0.057239 0.610127 0.010772 0.010361
0 0.961924 0.926972 0.076152 0.144051
0 0.784569 0.881684 0.012525 0.012701
0 0.223948 0.899900 0.010521 0.013703
0 0.595190 0.956551 0.009018 0.014706
1 0.081037 0.114973 0.154559 0.210561
1 0.198647 0.225267 0.082665 0.264037
1 0.044213 0.400735 0.069389 0.256016
1 0.296092 0.193516 0.100200 0.088904
1 0.332791 0.043616 0.116984 0.067848
1 0.018412 0.692012 0.029309 0.212901
1 0.737475 0.328877 0.042585 0.074866
1 0.907064 0.547293 0.066132 0.087901
1 0.740481 0.085394 0.038577 0.064505
1 0.948397 0.247995 0.033567 0.060160
1 0.874499 0.769051 0.041082 0.050134
1 0.877004 0.858623 0.039078 0.055481
1 0.606839 0.894385 0.028307 0.053476
1 0.627380 0.972259 0.025802 0.055481
1 0.535070 0.225936 0.030060 0.026738
1 0.430862 0.609626 0.026052 0.043449
1 0.320266 0.452039 0.033317 0.051136
1 0.357841 0.702206 0.036824 0.030080