0 0.133141 0.009024 0.007766 0.009358
0 0.179860 0.144385 0.008016 0.010695
0 0.293587 0.052306 0.008517 0.018382
0 0.448647 0.105949 0.017535 0.015374
0 0.534820 0.241811 0.007014 0.011029
0 0.674599 0.175635 0.010521 0.019051
0 0.696268 0.009525 0.012275 0.017045
0 0.787199 0.005013 0.014780 0.008690
0 0.819013 0.037099 0.010772 0.016711
0 0.822019 0.204880 0.055862 0.047460
0 0.681864 0.363135 0.019038 0.026404
0 0.525301 0.290441 0.011523 0.010695
0 0.155436 0.404913 0.019289 0.023061
0 0.233592 0.871491 0.014279 0.015040
0 0.601453 0.939840 0.005511 0.011364
1 0.084920 0.499833 0.067635 0.115976
1 0.043462 0.594586 0.026804 0.042112
1 0.033943 0.975602 0.064379 0.048797
1 0.280561 0.510528 0.090180 0.092580
1 0.366984 0.628008 0.107715 0.091578
1 0.556613 0.558489 0.216433 0.217246
1 0.402931 0.440842 0.045842 0.046791
1 0.037325 0.175635 0.062625 0.325201
1 0.133642 0.263035 0.113477 0.170455
1 0.377505 0.131684 0.111723 0.152406
1 0.245115 0.081551 0.060872 0.137032
1 0.884770 0.668115 0.042585 0.042112
1 0.609719 0.210896 0.065130 0.096925
1 0.762901 0.263703 0.045842 0.060160
1 0.876002 0.388536 0.051603 0.064505
1 0.927730 0.125668 0.142034 0.213904
1 0.473447 0.022059 0.075150 0.033422
1 0.617986 0.069853 0.131764 0.133690