0 0.034444 0.147727 0.015782 0.015374
0 0.219439 0.047627 0.036072 0.071190
0 0.129634 0.126170 0.009770 0.012366
0 0.115731 0.162433 0.012024 0.013369
0 0.129509 0.226939 0.024549 0.013369
0 0.205286 0.224098 0.034319 0.024398
0 0.326152 0.062834 0.106212 0.051471
0 0.402680 0.019552 0.046844 0.035094
0 0.322144 0.276738 0.011523 0.011364
0 0.305110 0.188168 0.012525 0.011364
0 0.342936 0.229612 0.022044 0.019385
0 0.487099 0.096424 0.079409 0.043783
0 0.527931 0.053142 0.034820 0.051471
0 0.648171 0.066845 0.134519 0.106952
0 0.780185 0.047293 0.055361 0.058489
0 0.738978 0.072861 0.021543 0.026738
0 0.784820 0.113971 0.011022 0.014037
0 0.885772 0.034258 0.102705 0.060495
0 0.955661 0.170956 0.016533 0.020388
0 0.018287 0.379345 0.012024 0.013369
0 0.140030 0.299799 0.019539 0.030080
0 0.090681 0.366811 0.018036 0.014372
0 0.327405 0.339572 0.013026 0.015374
0 0.344439 0.396892 0.047094 0.019719
0 0.426227 0.363135 0.017285 0.021725
0 0.891909 0.250501 0.013277 0.017045
0 0.871242 0.282754 0.020541 0.015374
0 0.215932 0.420287 0.011523 0.017045
0 0.259394 0.450535 0.010271 0.026070
0 0.219439 0.482620 0.021543 0.019385
0 0.423973 0.844586 0.091433 0.064840
0 0.486974 0.792279 0.079158 0.064505
0 0.523171 0.738469 0.059369 0.047126
0 0.598322 0.794619 0.109970 0.040441
0 0.600701 0.717747 0.049098 0.093917
0 0.835546 0.823529 0.018788 0.024733
0 0.994489 0.736965 0.011022 0.032754
1 0.950150 0.771725 0.023046 0.022727
0 0.055736 0.758690 0.010772 0.009358
0 0.036072 0.848596 0.009018 0.023396
0 0.684494 0.610628 0.008267 0.012701
0 0.653557 0.722761 0.011523 0.014372
0 0.824900 0.613135 0.016032 0.037099
0 0.279309 0.862968 0.019038 0.029412
0 0.165706 0.888202 0.011273 0.015040
0 0.189254 0.901404 0.011774 0.014706
0 0.338803 0.929479 0.011774 0.013369
0 0.404559 0.904412 0.011022 0.015374
0 0.846693 0.992146 0.015531 0.015709
1 0.801353 0.926471 0.039078 0.036096
1 0.513277 0.427975 0.027555 0.039104