1 0.020291 0.072694 0.030561 0.030414
1 0.041458 0.157086 0.017786 0.025401
1 0.127004 0.090909 0.011022 0.018717
1 0.091308 0.251337 0.049850 0.032086
1 0.252630 0.186999 0.009770 0.020388
0 0.516658 0.017045 0.025802 0.030080
0 0.489604 0.203877 0.007265 0.008690
0 0.462425 0.231785 0.010020 0.007687
0 0.542585 0.311330 0.013026 0.012366
0 0.695391 0.751504 0.010521 0.013035
0 0.579659 0.691176 0.010020 0.012701
0 0.695140 0.678309 0.008016 0.009693
1 0.913201 0.849432 0.054860 0.042447
1 0.697019 0.925468 0.017786 0.034759
1 0.760396 0.849599 0.020291 0.033422
1 0.734093 0.880180 0.029810 0.031751
1 0.568011 0.755849 0.049850 0.047126
1 0.501503 0.310160 0.020040 0.028743
0 0.686748 0.281250 0.010271 0.013035
1 0.864228 0.272393 0.012024 0.016043