0 0.047219 0.072193 0.037325 0.037433
0 0.040456 0.109124 0.029309 0.017045
0 0.052104 0.226270 0.028557 0.020053
0 0.116232 0.204880 0.017034 0.019385
0 0.117109 0.059993 0.016283 0.015040
0 0.050351 0.030247 0.023046 0.024398
0 0.166708 0.015876 0.023798 0.030414
0 0.246869 0.061999 0.036323 0.043115
0 0.150802 0.134024 0.012024 0.011364
0 0.265531 0.152239 0.016533 0.015709
0 0.251378 0.201036 0.011273 0.018382
0 0.284820 0.021892 0.018537 0.030414
0 0.318637 0.016377 0.013026 0.017380
0 0.334043 0.018048 0.012275 0.011364
0 0.388402 0.146223 0.023297 0.038436
0 0.496242 0.194184 0.015030 0.018048
0 0.348572 0.402239 0.013778 0.016377
0 0.390406 0.471090 0.048848 0.037767
0 0.129509 0.439338 0.015531 0.018382
0 0.171593 0.538102 0.008016 0.011364
0 0.239980 0.643382 0.018036 0.020722
0 0.282941 0.669285 0.031313 0.034425
0 0.303231 0.638870 0.013778 0.017045
0 0.416333 0.651571 0.033567 0.041110
0 0.377380 0.655916 0.019289 0.023730
0 0.455035 0.773730 0.028808 0.026070
0 0.384269 0.755515 0.012525 0.018382
0 0.580411 0.641043 0.048597 0.032754
0 0.519289 0.712066 0.073647 0.052473
0 0.612725 0.551303 0.011022 0.025067
0 0.696769 0.933155 0.009269 0.014706
0 0.927856 0.866811 0.010521 0.013703
1 0.067761 0.313837 0.132014 0.083556
1 0.372119 0.322694 0.380010 0.099265
1 0.233091 0.454713 0.133517 0.117981
1 0.313627 0.559158 0.215431 0.077540
1 0.453532 0.403242 0.144539 0.071858
1 0.668712 0.359793 0.021293 0.045120
1 0.880261 0.282587 0.020040 0.017714