0 0.952530 0.169118 0.006764 0.011364
0 0.257891 0.567848 0.016283 0.019385
0 0.977705 0.736798 0.018537 0.017045
0 0.540706 0.787600 0.005261 0.013703
0 0.588302 0.830715 0.007766 0.007019
0 0.831288 0.892213 0.009269 0.019719
1 0.319013 0.113803 0.054359 0.099265
1 0.109469 0.538937 0.117735 0.184826
1 0.339805 0.335561 0.069389 0.114973
1 0.356212 0.536598 0.135271 0.224933
1 0.467560 0.575535 0.049349 0.066845
1 0.195391 0.576203 0.084168 0.118984
1 0.941258 0.905414 0.117485 0.189171
1 0.653181 0.863135 0.064379 0.178142
1 0.737976 0.902072 0.093687 0.086898
1 0.888652 0.072193 0.222695 0.140374
1 0.808993 0.983957 0.046844 0.032086
1 0.584669 0.751671 0.067635 0.086898
1 0.534945 0.875334 0.071894 0.088904