0 0.099073 0.251003 0.020792 0.028743
0 0.604334 0.360628 0.009269 0.016043
0 0.658191 0.336230 0.008267 0.012701
0 0.010145 0.279078 0.012275 0.016711
0 0.996869 0.443349 0.006263 0.015709
0 0.170716 0.689840 0.008267 0.012701
0 0.150927 0.499666 0.006263 0.013369
1 0.284068 0.106618 0.292084 0.182487
1 0.042335 0.427975 0.064128 0.079211
1 0.299098 0.238636 0.085170 0.070187
1 0.583793 0.231451 0.222194 0.111297
1 0.545842 0.397894 0.081162 0.094586
1 0.793462 0.177975 0.083417 0.055816
1 0.852330 0.218583 0.054359 0.070187
1 0.951653 0.234291 0.052605 0.063503
1 0.863602 0.035261 0.058367 0.035762
1 0.702405 0.121156 0.040080 0.057821
1 0.025301 0.161765 0.040080 0.110294