1 0.960797 0.371491 0.017285 0.019719
1 0.994739 0.327039 0.010521 0.031083
0 0.490731 0.320856 0.009519 0.013369
0 0.323021 0.381183 0.015782 0.027072
0 0.171343 0.424298 0.011022 0.013035
0 0.259770 0.469920 0.017034 0.018717
0 0.542460 0.582219 0.013778 0.013369
0 0.406313 0.551136 0.099198 0.042112
0 0.692761 0.565007 0.016784 0.023730
0 0.712675 0.554813 0.010020 0.011364
0 0.789830 0.749833 0.009519 0.013703
0 0.121242 0.646892 0.017034 0.015709
0 0.119865 0.739973 0.016784 0.016043
0 0.094940 0.833723 0.017034 0.015040
0 0.707791 0.920287 0.013277 0.013703
0 0.671718 0.952206 0.008267 0.016711
0 0.223447 0.889706 0.009519 0.014037
1 0.946643 0.499332 0.060120 0.076872
1 0.953282 0.637032 0.093437 0.133690
1 0.846944 0.831885 0.084168 0.129011
1 0.947896 0.845922 0.104208 0.223930
1 0.050476 0.908757 0.098447 0.080214
1 0.755135 0.829713 0.069389 0.111297