0 0.026303 0.065842 0.010521 0.009358
0 0.112600 0.018382 0.007265 0.012032
0 0.137650 0.038269 0.008768 0.011698
0 0.295215 0.071858 0.005261 0.013369
0 0.364980 0.042279 0.010020 0.012366
0 0.838176 0.168449 0.015531 0.022727
0 0.536197 0.393884 0.009269 0.017714
0 0.702655 0.673463 0.017535 0.014706
0 0.820516 0.641711 0.009269 0.016043
0 0.817886 0.719418 0.015030 0.015709
0 0.947771 0.705715 0.006263 0.007687
0 0.953407 0.984291 0.010521 0.011364
1 0.794589 0.553309 0.109218 0.129345
1 0.515656 0.786765 0.065882 0.054813
1 0.790331 0.094418 0.037575 0.044452