0 0.255636 0.206885 0.025802 0.032754
1 0.081538 0.183489 0.034319 0.029412
0 0.664078 0.180481 0.020040 0.018717
1 0.871994 0.149733 0.060120 0.064171
0 0.808241 0.400902 0.015782 0.021056
1 0.159193 0.383690 0.086423 0.082888
1 0.070391 0.414439 0.023046 0.022059
1 0.660070 0.359459 0.122745 0.124666
1 0.905937 0.393382 0.095942 0.106952
1 0.963928 0.447861 0.039078 0.030749
1 0.875626 0.513536 0.011273 0.019051
1 0.710421 0.470087 0.090681 0.087901
0 0.766909 0.459893 0.019289 0.023396
0 0.770291 0.492313 0.013026 0.012701
0 0.166583 0.481451 0.008016 0.010361
0 0.084294 0.646725 0.015782 0.013369
0 0.194138 0.692680 0.015531 0.023061
1 0.039579 0.553142 0.076152 0.069519
1 0.037325 0.631517 0.073146 0.061163
1 0.082039 0.707888 0.146042 0.079545
1 0.136648 0.654746 0.082415 0.052807
1 0.800726 0.762366 0.124499 0.247995
1 0.988602 0.699866 0.022796 0.066176
0 0.986598 0.812166 0.012275 0.019385
1 0.955411 0.925635 0.089178 0.148730
1 0.884018 0.895555 0.020541 0.023730
1 0.885897 0.948195 0.036824 0.045455
1 0.834168 0.987634 0.055110 0.024733
1 0.017285 0.934659 0.008517 0.013703
1 0.054860 0.987467 0.099198 0.025067
1 0.206162 0.968249 0.208417 0.063503
1 0.185120 0.814004 0.028056 0.048463
1 0.545090 0.760862 0.039579 0.041778
1 0.554359 0.911765 0.113226 0.176471
0 0.700025 0.782253 0.016784 0.022393