0 0.600075 0.124833 0.012776 0.021056
0 0.716308 0.239138 0.011273 0.022393
0 0.780060 0.190007 0.009519 0.015040
0 0.830286 0.045455 0.011774 0.013369
0 0.754384 0.387032 0.018788 0.020722
0 0.852330 0.263870 0.009269 0.019051
0 0.828657 0.432487 0.010020 0.016043
0 0.652430 0.352106 0.011774 0.011029
0 0.619113 0.308322 0.008768 0.018382
0 0.551979 0.265207 0.010271 0.020388
0 0.619489 0.459392 0.010521 0.010361
0 0.242485 0.427975 0.012525 0.017045
0 0.059243 0.472594 0.022796 0.032086
0 0.602455 0.581049 0.007515 0.010361
0 0.912325 0.489305 0.013026 0.018048
0 0.963552 0.701705 0.013778 0.015040
0 0.036323 0.859291 0.008517 0.010695
1 0.407565 0.074866 0.312625 0.141711
1 0.047971 0.221424 0.090932 0.158088
1 0.159068 0.150568 0.096192 0.159425
1 0.310621 0.240307 0.168838 0.129011
1 0.681112 0.055816 0.197896 0.096925
1 0.927229 0.121156 0.145541 0.231618
1 0.938878 0.352273 0.122244 0.183824
1 0.633141 0.216410 0.106964 0.112634
1 0.157315 0.478777 0.102705 0.169452
1 0.263903 0.520555 0.073397 0.087901
1 0.353958 0.411263 0.160321 0.161430
1 0.524925 0.433155 0.134519 0.254011
1 0.031313 0.673128 0.057615 0.230615
1 0.263026 0.713235 0.055110 0.078877
1 0.391157 0.554479 0.060872 0.044786
1 0.819013 0.826872 0.075902 0.159091
1 0.889905 0.618984 0.075902 0.100267
1 0.850200 0.981116 0.085170 0.037767
1 0.971067 0.958222 0.057866 0.083556
1 0.991483 0.733790 0.017034 0.144719