0 0.091433 0.159926 0.017034 0.023061
0 0.172345 0.138202 0.012525 0.015040
0 0.204284 0.102440 0.026303 0.031751
0 0.239980 0.051136 0.022545 0.033422
0 0.246994 0.073195 0.012525 0.022727
0 0.217184 0.188837 0.017535 0.020053
0 0.332415 0.023396 0.062625 0.044786
0 0.634895 0.343416 0.018788 0.023730
0 0.401678 0.406417 0.016784 0.022727
0 0.639153 0.589739 0.016283 0.025735
0 0.472445 0.668115 0.015030 0.016711
0 0.223697 0.696357 0.014529 0.022393
0 0.139529 0.654078 0.020541 0.015374
1 0.861222 0.528743 0.277555 0.942513
1 0.379634 0.883021 0.620491 0.233957
1 0.466558 0.235795 0.239729 0.283088
1 0.082415 0.063670 0.151303 0.087901
1 0.061498 0.439840 0.054359 0.113636
1 0.269915 0.343917 0.076904 0.195856
1 0.241859 0.556651 0.069389 0.176136
1 0.483592 0.536765 0.202154 0.187166
1 0.169714 0.375000 0.046844 0.053476
1 0.047345 0.528242 0.046092 0.059158
1 0.110721 0.517714 0.047595 0.051471
1 0.044840 0.248663 0.077655 0.152406