0 0.076027 0.174298 0.018287 0.015709
0 0.433868 0.015207 0.020040 0.021056
0 0.622370 0.006350 0.019289 0.012032
0 0.652806 0.045120 0.011523 0.011364
0 0.669965 0.072193 0.009770 0.016711
0 0.791082 0.102607 0.016533 0.018048
0 0.712300 0.370488 0.015281 0.014372
0 0.604709 0.401070 0.018537 0.030080
0 0.534694 0.344084 0.016283 0.020388
0 0.554860 0.336063 0.014529 0.012366
0 0.468687 0.372493 0.013026 0.013703
0 0.091683 0.328543 0.014028 0.014037
0 0.968687 0.405582 0.018036 0.015709
0 0.498372 0.656751 0.013277 0.015374
0 0.325025 0.734793 0.024800 0.035762
0 0.694013 0.860628 0.014780 0.015374
0 0.741483 0.736965 0.006012 0.013369
0 0.286197 0.918282 0.014780 0.025067
1 0.209419 0.070856 0.400802 0.133690
1 0.552480 0.237467 0.237224 0.148061
1 0.506513 0.535595 0.460922 0.171457
1 0.827154 0.352774 0.160321 0.291778
1 0.916082 0.184492 0.167836 0.327540
1 0.963677 0.706049 0.072645 0.396725
1 0.886523 0.748329 0.090180 0.133690
1 0.864354 0.956551 0.169589 0.086898
1 0.860596 0.858623 0.068387 0.066845
1 0.545842 0.936664 0.103707 0.122660
1 0.666458 0.959893 0.075902 0.080214
1 0.167961 0.828209 0.214679 0.237299
1 0.472445 0.543282 0.205411 0.117981