0 0.509895 0.043282 0.026804 0.040441
0 0.511523 0.102941 0.021042 0.024064
0 0.564379 0.022560 0.033567 0.037767
0 0.614228 0.009693 0.038577 0.017380
0 0.633768 0.110795 0.013527 0.012366
0 0.648297 0.051638 0.008016 0.022393
0 0.654810 0.101270 0.007014 0.012032
0 0.590556 0.033422 0.015281 0.016711
0 0.536824 0.060829 0.020040 0.021390
0 0.684870 0.039606 0.006012 0.013703
0 0.606839 0.213570 0.010271 0.015374
0 0.685997 0.406083 0.009269 0.011364
0 0.734218 0.490140 0.009018 0.011029
0 0.740356 0.426303 0.009770 0.011029
0 0.719314 0.644552 0.015281 0.019719
0 0.386774 0.728610 0.013026 0.018048
0 0.498873 0.736130 0.008768 0.013703
0 0.794213 0.767380 0.017285 0.024064
0 0.233968 0.969418 0.008517 0.011698
0 0.278056 0.969418 0.008517 0.011698
0 0.671593 0.899566 0.012525 0.011698
0 0.829910 0.869820 0.011022 0.013703
1 0.293086 0.825869 0.066132 0.050134
1 0.396668 0.802306 0.029309 0.039104
1 0.564755 0.906584 0.034319 0.051136
1 0.949148 0.778910 0.025050 0.045789
1 0.664078 0.222594 0.054108 0.106952
1 0.054609 0.050468 0.035070 0.063503
1 0.315631 0.023061 0.037575 0.031417