0 0.316884 0.073697 0.013026 0.027072
0 0.393161 0.009860 0.019289 0.019051
0 0.403557 0.250836 0.009018 0.015040
0 0.487600 0.012366 0.005762 0.010695
0 0.273798 0.311163 0.017535 0.023396
0 0.209920 0.216410 0.009519 0.021725
0 0.061999 0.989138 0.010271 0.017045
1 0.525426 0.542781 0.258768 0.212567
1 0.322019 0.165107 0.176102 0.098930
1 0.383392 0.374499 0.103457 0.152741
1 0.903682 0.670789 0.073397 0.130348
1 0.673096 0.158422 0.050100 0.048128
1 0.755010 0.200201 0.035070 0.044786
1 0.803482 0.240307 0.058367 0.093583
1 0.782565 0.308322 0.055110 0.071190
1 0.456914 0.710561 0.071643 0.080214
1 0.719063 0.952707 0.096944 0.094586
1 0.564629 0.858623 0.046593 0.066845
1 0.653056 0.748830 0.035070 0.041110
1 0.674349 0.809659 0.032565 0.044452
1 0.454785 0.257687 0.040832 0.090241