0 0.205787 0.108289 0.012776 0.014706
0 0.165456 0.033088 0.008267 0.014037
0 0.619865 0.142881 0.016283 0.019719
0 0.632766 0.101103 0.018036 0.014372
0 0.168587 0.319184 0.014529 0.019385
0 0.172219 0.298463 0.009269 0.013369
0 0.049850 0.461230 0.016533 0.014037
0 0.160696 0.550134 0.018788 0.026070
0 0.292460 0.589739 0.013277 0.017045
0 0.382515 0.622159 0.009519 0.010361
0 0.005010 0.715575 0.009519 0.012701
0 0.243111 0.783590 0.008267 0.015040
0 0.459419 0.751671 0.012024 0.013369
0 0.178231 0.943850 0.015782 0.020722
0 0.220817 0.945856 0.026804 0.036765
0 0.530937 0.913937 0.008267 0.017714
1 0.275676 0.687667 0.148547 0.119318
1 0.416959 0.852774 0.181112 0.141377
1 0.078532 0.915441 0.153557 0.169118
1 0.480210 0.066009 0.186874 0.121324
1 0.069890 0.237467 0.139279 0.279746
1 0.046844 0.586230 0.083667 0.177139
1 0.139529 0.456384 0.086673 0.089238
1 0.829409 0.115475 0.336172 0.230281
1 0.270165 0.043616 0.154559 0.085896