0 0.612976 0.041110 0.023547 0.032086
0 0.798848 0.122493 0.021543 0.035762
0 0.936498 0.114472 0.010271 0.022393
0 0.491483 0.723429 0.013527 0.011029
0 0.940757 0.877340 0.027806 0.064840
0 0.819639 0.830882 0.010521 0.015374
1 0.080912 0.934158 0.018537 0.032754
1 0.046092 0.056985 0.077655 0.094586
1 0.229835 0.052473 0.199649 0.083556
1 0.107089 0.224599 0.064379 0.060160
1 0.168337 0.144552 0.055110 0.071190
1 0.028181 0.299298 0.046844 0.071190
1 0.724950 0.070856 0.104208 0.127005
1 0.629760 0.303309 0.044088 0.119318
1 0.816007 0.310495 0.059369 0.084893
1 0.931237 0.270889 0.120992 0.152741
1 0.551227 0.865307 0.040832 0.042112