0 0.307365 0.042279 0.008016 0.019051
0 0.459043 0.094920 0.018287 0.020053
0 0.539078 0.226103 0.011523 0.013035
0 0.696142 0.006183 0.010020 0.011029
0 0.808241 0.191176 0.031313 0.036765
0 0.841057 0.180816 0.014780 0.017380
0 0.674098 0.164606 0.012525 0.015040
0 0.679609 0.346257 0.016032 0.025401
0 0.170716 0.381684 0.016283 0.019385
1 0.044464 0.063168 0.074399 0.102273
1 0.042710 0.172293 0.074399 0.082553
1 0.133267 0.220254 0.055110 0.118316
1 0.171718 0.302640 0.058367 0.082553
1 0.105711 0.463068 0.070140 0.069184
1 0.016784 0.674799 0.022545 0.106952
1 0.291082 0.481451 0.085170 0.107955
1 0.377630 0.601270 0.105962 0.088904
1 0.411824 0.415274 0.051102 0.062500
1 0.558367 0.532253 0.196894 0.182821
1 0.332039 0.834726 0.053357 0.065842
1 0.077029 0.943349 0.040832 0.057821
1 0.782565 0.610795 0.052605 0.061163
1 0.385521 0.125000 0.110220 0.170455
1 0.269915 0.079880 0.054359 0.115642
1 0.868111 0.092079 0.247244 0.144719
1 0.918587 0.194519 0.107715 0.080214
1 0.618487 0.189505 0.051603 0.070187
1 0.758768 0.253008 0.041583 0.056818
1 0.865230 0.371324 0.032565 0.056818