0 0.075401 0.264873 0.146794 0.045120
0 0.265656 0.243148 0.170090 0.046457
0 0.586423 0.437333 0.018036 0.016377
0 0.052355 0.319853 0.042084 0.019385
0 0.054484 0.709392 0.062375 0.039773
0 0.156688 0.664271 0.023798 0.046457
0 0.206413 0.682821 0.015531 0.018717
0 0.253006 0.644385 0.010521 0.016043
0 0.282816 0.634860 0.009519 0.019051
0 0.274048 0.871324 0.127255 0.070856
0 0.335671 0.761197 0.033567 0.039773
0 0.381263 0.791945 0.011523 0.017714
0 0.608717 0.865976 0.008016 0.012701
0 0.414830 0.983790 0.022044 0.022393
0 0.165456 0.967580 0.043838 0.044786
0 0.211799 0.939171 0.037325 0.060160
0 0.604960 0.962567 0.011022 0.010027
0 0.558241 0.882186 0.007265 0.013703
1 0.367485 0.943349 0.036573 0.082553
1 0.548597 0.977774 0.030060 0.044452
1 0.891909 0.959392 0.071894 0.081217
1 0.873121 0.821357 0.040832 0.034425
1 0.409193 0.454211 0.026804 0.051471
1 0.979334 0.943349 0.041333 0.035762