0 0.706538 0.352941 0.006764 0.011364
0 0.948522 0.473429 0.006263 0.009693
0 0.992485 0.596591 0.015030 0.040775
0 0.963552 0.697694 0.034319 0.025735
0 0.840556 0.730615 0.072896 0.057487
0 0.904935 0.701537 0.042836 0.033422
0 0.848823 0.661096 0.029810 0.024733
0 0.137400 0.701537 0.008768 0.011364
0 0.100701 0.689338 0.005010 0.010361
0 0.096318 0.769886 0.009770 0.010361
0 0.752255 0.770889 0.022044 0.038436
0 0.685746 0.758523 0.015782 0.021725
0 0.811623 0.784091 0.010521 0.012701
1 0.714178 0.782921 0.010521 0.013703