0 0.241107 0.174465 0.010772 0.016711
0 0.182365 0.337901 0.009519 0.014037
0 0.331538 0.360795 0.012776 0.022393
0 0.355586 0.358122 0.007766 0.017714
0 0.367986 0.352106 0.011523 0.019051
0 0.064254 0.397894 0.011774 0.015709
0 0.071268 0.382353 0.012275 0.013369
0 0.090556 0.271557 0.010772 0.009693
0 0.511022 0.499164 0.017535 0.019719
0 0.047971 0.671959 0.008768 0.009693
0 0.883016 0.763202 0.014529 0.013703
0 0.459669 0.700869 0.015531 0.020053
0 0.293963 0.733957 0.008768 0.012701
0 0.121117 0.813503 0.011774 0.020053
0 0.203783 0.798797 0.009269 0.015374
0 0.366608 0.887868 0.007766 0.016377
0 0.441508 0.839071 0.008267 0.021056
0 0.466934 0.917112 0.018036 0.012701
0 0.610596 0.901738 0.016784 0.014706
0 0.584294 0.911096 0.010271 0.013369
0 0.661573 0.926638 0.017535 0.012366
0 0.303106 0.946357 0.027555 0.023730
1 0.905686 0.388035 0.188627 0.698529
1 0.849699 0.954880 0.300601 0.090241
1 0.134644 0.914271 0.264780 0.171457
1 0.248246 0.541110 0.172846 0.240642
1 0.098196 0.598429 0.085170 0.114639
1 0.528307 0.815675 0.133768 0.094586
1 0.597194 0.972928 0.174349 0.043449
1 0.733717 0.762868 0.085170 0.231618
1 0.249875 0.332721 0.075902 0.111297
1 0.031438 0.299465 0.048347 0.100267
1 0.311999 0.038603 0.046844 0.069184
1 0.376378 0.070354 0.048347 0.085896
1 0.572645 0.062500 0.050100 0.070187
1 0.612600 0.394051 0.096944 0.125000
1 0.043211 0.035595 0.073397 0.070521
1 0.882014 0.851939 0.187876 0.093583
1 0.122119 0.751170 0.114479 0.059158
1 0.638527 0.279245 0.041583 0.051136