1 0.793462 0.081551 0.054359 0.090909
1 0.713427 0.135361 0.016533 0.030080
1 0.937751 0.218917 0.028808 0.072193
1 0.907064 0.206551 0.011523 0.015374
1 0.898672 0.238135 0.019289 0.037767
0 0.957164 0.165274 0.038577 0.030414
1 0.607214 0.181818 0.016032 0.026070
0 0.005010 0.164271 0.008517 0.021725
1 0.012650 0.228108 0.023798 0.096591
1 0.637525 0.090074 0.011523 0.022393
1 0.067260 0.282086 0.026804 0.042781
1 0.016658 0.320187 0.030311 0.024064
1 0.148798 0.295622 0.082164 0.150735
1 0.093312 0.339739 0.035321 0.062500
1 0.100701 0.292781 0.018537 0.025401
0 0.097821 0.260027 0.011273 0.012032
0 0.209168 0.269218 0.009519 0.014372
1 0.040331 0.386364 0.024549 0.019385
1 0.012650 0.400401 0.024800 0.042112
1 0.029309 0.482787 0.054108 0.066511
1 0.082791 0.558656 0.071393 0.052473
1 0.034193 0.857286 0.067886 0.155080
1 0.108091 0.802306 0.032315 0.032420
0 0.007139 0.962901 0.011774 0.019385
1 0.159694 0.840408 0.024800 0.035094
1 0.201027 0.787934 0.038327 0.099265
1 0.183742 0.964405 0.098948 0.071190
1 0.347320 0.863636 0.177104 0.272727
1 0.488978 0.921959 0.108717 0.153409
1 0.652555 0.944686 0.217936 0.110628
0 0.550100 0.880013 0.021543 0.018048
0 0.690882 0.877340 0.019539 0.022059
0 0.774549 0.842246 0.009519 0.023396
0 0.863602 0.836898 0.020792 0.011364
1 0.843061 0.934993 0.150551 0.130013
0 0.927104 0.914773 0.009018 0.023396
0 0.974825 0.928476 0.008768 0.020053
1 0.959168 0.968249 0.081663 0.058824
1 0.752129 0.813001 0.030311 0.041778
1 0.700276 0.829044 0.073898 0.059158
1 0.823397 0.790441 0.074148 0.078209
0 0.232841 0.766544 0.018287 0.019719
1 0.240731 0.485963 0.021543 0.016043
1 0.473697 0.715408 0.126253 0.128676
1 0.494739 0.626671 0.043587 0.074866
0 0.786824 0.705047 0.018036 0.019051
1 0.849825 0.643382 0.090932 0.094920
1 0.853081 0.710060 0.025802 0.025067
1 0.914830 0.566511 0.098196 0.110294
1 0.966934 0.650902 0.066132 0.115307
0 0.980837 0.564004 0.025301 0.041778
1 0.740731 0.558824 0.068637 0.063503
1 0.667335 0.463904 0.082665 0.067513
0 0.798096 0.533757 0.012525 0.020053
1 0.513026 0.466243 0.045591 0.059492
1 0.457791 0.382353 0.019790 0.028075
1 0.430235 0.432152 0.026303 0.044786
1 0.479709 0.421624 0.027555 0.035762
1 0.395040 0.407587 0.022545 0.019719
1 0.381137 0.454545 0.015281 0.011364
1 0.851077 0.435495 0.024299 0.040775
0 0.870867 0.421123 0.010772 0.016043
0 0.958918 0.452039 0.052104 0.073195
1 0.819765 0.468917 0.040331 0.040107
1 0.800726 0.505013 0.036824 0.034091
0 0.185496 0.094920 0.011273 0.015374
0 0.170466 0.084726 0.008267 0.011029
0 0.127004 0.041778 0.059118 0.043449
1 0.194389 0.194184 0.014529 0.018717
1 0.518036 0.234459 0.012024 0.010361
0 0.679108 0.367981 0.007014 0.010695
0 0.710671 0.373997 0.006513 0.011364
0 0.771919 0.393549 0.010772 0.013703
0 0.169213 0.720922 0.009770 0.015374
0 0.934494 0.524566 0.014279 0.019051
0 0.039579 0.889706 0.012525 0.012701
0 0.241358 0.911263 0.011774 0.013035
0 0.264529 0.936330 0.016032 0.023061