0 0.169088 0.233790 0.017034 0.019051
0 0.262525 0.071190 0.008016 0.012701
0 0.419213 0.184826 0.016784 0.018048
0 0.636899 0.161932 0.010772 0.015709
0 0.093437 0.397560 0.009018 0.012366
0 0.266784 0.384525 0.006513 0.011029
0 0.202405 0.476771 0.009519 0.009693
0 0.296217 0.605782 0.006263 0.011698
0 0.375877 0.633690 0.010772 0.012701
0 0.782189 0.687834 0.076403 0.089572
0 0.818512 0.744987 0.013778 0.012032
0 0.049975 0.710394 0.007265 0.014372
0 0.067761 0.782754 0.010772 0.009358
0 0.192761 0.799298 0.012275 0.013703
0 0.566007 0.831384 0.011273 0.017045
0 0.436122 0.842413 0.010020 0.017714
0 0.115731 0.957721 0.012024 0.016377
0 0.227455 0.936330 0.014028 0.013035
1 0.518662 0.934325 0.462675 0.131350
1 0.905436 0.887533 0.189128 0.224933
1 0.920466 0.675468 0.159068 0.197193
1 0.033191 0.236464 0.060872 0.161430
1 0.037700 0.512032 0.053357 0.060160
1 0.185997 0.644051 0.191132 0.183824
1 0.413452 0.473763 0.133517 0.134693
1 0.533317 0.652072 0.259519 0.157086
1 0.877756 0.358957 0.216934 0.116979
1 0.978081 0.219084 0.043838 0.102607
1 0.093687 0.846925 0.061623 0.052139
1 0.606338 0.350602 0.043337 0.042112
1 0.665706 0.409091 0.093437 0.058824
1 0.499123 0.343917 0.060872 0.058155
1 0.413577 0.365642 0.060120 0.050134
1 0.475701 0.257019 0.077655 0.055481