0 0.253006 0.157253 0.020040 0.024398
0 0.863602 0.261029 0.014780 0.017380
0 0.946393 0.086397 0.011022 0.012366
0 0.823021 0.286765 0.007766 0.008690
0 0.432114 0.577039 0.020541 0.019051
0 0.430110 0.619652 0.014028 0.014706
1 0.165331 0.586230 0.086172 0.076872
1 0.252505 0.571858 0.055110 0.056818
1 0.174474 0.501003 0.039329 0.038102
1 0.212550 0.244151 0.108467 0.092580
1 0.907941 0.165107 0.070892 0.116979
1 0.980085 0.178977 0.039830 0.142714
1 0.948397 0.839238 0.040080 0.056818
1 0.957164 0.972761 0.057615 0.054479
1 0.197019 0.858623 0.045842 0.038102
1 0.106839 0.020388 0.022295 0.031417