0 0.069389 0.496324 0.011523 0.012701
1 0.069138 0.410762 0.134770 0.153075
0 0.169714 0.463235 0.014279 0.016043
0 0.331789 0.689840 0.023798 0.028743
0 0.628758 0.359960 0.022545 0.017380
0 0.595817 0.397393 0.009770 0.011364
0 0.727079 0.524900 0.045341 0.052473
1 0.812625 0.306818 0.045591 0.040775
1 0.926102 0.338570 0.117735 0.115642
1 0.820767 0.439840 0.141533 0.127674
1 0.648798 0.482453 0.106713 0.136029
1 0.696769 0.375501 0.096443 0.077874
1 0.086298 0.550635 0.170591 0.082553
1 0.124749 0.679144 0.190882 0.155749
0 0.133392 0.770221 0.018788 0.023061
1 0.061623 0.856785 0.120240 0.174799
1 0.142159 0.866477 0.104459 0.154746
1 0.277305 0.564338 0.118236 0.174131
1 0.399173 0.581384 0.108968 0.150735
1 0.299724 0.394552 0.273798 0.141377
0 0.318888 0.338904 0.007515 0.012032
1 0.961924 0.628342 0.072144 0.138369
1 0.530561 0.499499 0.080160 0.103944
1 0.478457 0.583222 0.070641 0.043449
1 0.348572 0.932654 0.044840 0.059826
1 0.692761 0.846925 0.116984 0.141043
1 0.748873 0.921123 0.067385 0.049465
1 0.832164 0.772226 0.052104 0.065842
1 0.827154 0.933322 0.071643 0.066511
1 0.866733 0.977774 0.052605 0.044452
1 0.898798 0.915107 0.036072 0.038770
0 0.945767 0.970588 0.022796 0.018048
0 0.993737 0.852440 0.010020 0.014372
1 0.968186 0.895889 0.040581 0.079880
0 0.495240 0.627841 0.016032 0.019719