1 0.240356 0.262366 0.008768 0.014037
1 0.281814 0.256350 0.010521 0.013369
0 0.598823 0.020053 0.007766 0.011364
0 0.727831 0.033924 0.008768 0.015709
0 0.842184 0.111965 0.009018 0.014037
0 0.842059 0.031083 0.011774 0.009358
0 0.151553 0.842413 0.015531 0.015709
0 0.020165 0.717079 0.008768 0.011029
0 0.364855 0.731116 0.021293 0.022393
0 0.376378 0.473429 0.016283 0.021056
1 0.515406 0.520889 0.030812 0.061163
1 0.915832 0.217079 0.015531 0.037767
1 0.886273 0.249833 0.027054 0.040441
1 0.846568 0.288937 0.018788 0.039104
1 0.979083 0.243316 0.011273 0.016711
1 0.714053 0.107620 0.043337 0.056818