0 0.256638 0.033757 0.013778 0.022059
0 0.234845 0.016210 0.007766 0.009024
0 0.418086 0.081384 0.017535 0.019719
0 0.516784 0.217747 0.012024 0.013035
0 0.795090 0.144051 0.013527 0.012701
0 0.813627 0.162266 0.030060 0.038436
0 0.843813 0.143549 0.016283 0.020388
0 0.675726 0.338570 0.023297 0.031417
0 0.129384 0.414271 0.022295 0.025067
0 0.340431 0.848930 0.010020 0.011364
1 0.340306 0.108790 0.116984 0.169452
1 0.105210 0.265876 0.139279 0.171457
1 0.058868 0.509358 0.070140 0.078877
1 0.258392 0.511029 0.086924 0.100267
1 0.358216 0.633690 0.104208 0.080214
1 0.389153 0.436999 0.060872 0.059158
1 0.483216 0.510528 0.102204 0.146056
1 0.592310 0.564004 0.124499 0.148061
1 0.601954 0.170622 0.060120 0.081217
1 0.759269 0.229779 0.049098 0.081217
1 0.882390 0.339906 0.038327 0.063503
1 0.789203 0.055314 0.421593 0.102607
1 0.930486 0.152239 0.104459 0.104612
1 0.081413 0.060495 0.033567 0.116979
1 0.008016 0.079880 0.015030 0.064840