0 0.173221 0.098596 0.008267 0.020053
0 0.126879 0.025902 0.011774 0.051136
0 0.126628 0.340074 0.009770 0.017045
0 0.077530 0.402406 0.009770 0.010027
0 0.372370 0.520722 0.025802 0.024733
0 0.393788 0.802640 0.006513 0.009024
1 0.459795 0.865307 0.049349 0.088904
1 0.501127 0.907086 0.038327 0.068182
1 0.428106 0.739305 0.072645 0.053476
1 0.283692 0.302139 0.085922 0.083556
1 0.323272 0.394552 0.076904 0.094586
1 0.393036 0.463570 0.034068 0.036765
1 0.172971 0.274900 0.076904 0.077874
1 0.215180 0.061999 0.054108 0.055816
1 0.975200 0.087233 0.049599 0.143717