0 0.036698 0.122159 0.006263 0.008356
0 0.030311 0.147560 0.008016 0.009024
0 0.025551 0.189672 0.005010 0.009024
0 0.020291 0.340241 0.036573 0.086230
0 0.087174 0.399231 0.084168 0.103275
0 0.027806 0.417279 0.036072 0.031751
0 0.038327 0.534926 0.072144 0.148061
0 0.035822 0.659091 0.030561 0.107620
0 0.016283 0.707052 0.011523 0.013035
0 0.002756 0.716745 0.004008 0.009693
0 0.161323 0.509191 0.026553 0.072527
0 0.101954 0.585227 0.014028 0.024064
0 0.106839 0.533422 0.008267 0.007353
0 0.145666 0.594418 0.008768 0.011029
0 0.071643 0.689338 0.012525 0.025735
0 0.082540 0.557487 0.015782 0.013369
0 0.254259 0.490642 0.059619 0.058155
0 0.210296 0.542948 0.020291 0.013035
0 0.233968 0.529078 0.010020 0.009358
0 0.317510 0.404412 0.021293 0.065508
0 0.283442 0.435328 0.027806 0.039104
0 0.235471 0.376003 0.010020 0.010695
0 0.238101 0.406417 0.021293 0.020722
0 0.248497 0.360795 0.012024 0.015040
0 0.261774 0.374164 0.006012 0.009024
0 0.287074 0.332888 0.049599 0.048128
0 0.341057 0.340241 0.039329 0.091578
0 0.342435 0.411932 0.013527 0.019719
0 0.390656 0.323028 0.015782 0.023730
0 0.373121 0.351771 0.009269 0.025735
0 0.281688 0.286263 0.011273 0.009693
0 0.429233 0.235963 0.018287 0.016043
0 0.427480 0.271390 0.025301 0.017380
0 0.445140 0.295622 0.025551 0.023061
0 0.505636 0.221257 0.052856 0.055481
0 0.569890 0.147393 0.101703 0.087567
0 0.604334 0.054646 0.051854 0.106618
1 0.591683 0.207386 0.017034 0.022393
0 0.006764 0.779913 0.012024 0.039773
0 0.071894 0.850434 0.009519 0.015709
0 0.096568 0.807152 0.008768 0.008690
0 0.135646 0.910428 0.021293 0.039439
0 0.314629 0.873329 0.008517 0.007353
0 0.262275 0.925802 0.005010 0.008690
0 0.366358 0.935495 0.005261 0.008690
0 0.295341 0.955882 0.005511 0.008690
0 0.291583 0.991477 0.008016 0.007687
0 0.171343 0.895722 0.004509 0.008021