0 0.048722 0.010528 0.012275 0.016377
0 0.125501 0.015709 0.013026 0.013369
0 0.246743 0.066009 0.012525 0.019051
0 0.776428 0.198697 0.021794 0.025067
1 0.890030 0.161765 0.151303 0.254011
1 0.621743 0.148229 0.042084 0.041110
1 0.025551 0.216745 0.050100 0.146725
1 0.243988 0.204378 0.031563 0.053810
1 0.155686 0.072025 0.159569 0.091912
0 0.570892 0.299632 0.013527 0.021056
1 0.940757 0.437667 0.060872 0.053142
1 0.983342 0.333389 0.022295 0.025735
1 0.989354 0.384525 0.021293 0.048463
1 0.643287 0.354779 0.113226 0.242981
1 0.104459 0.421457 0.077655 0.094920
0 0.242986 0.476771 0.016032 0.023061
1 0.263903 0.397894 0.168587 0.103275
0 0.375877 0.464071 0.011774 0.019051
1 0.314379 0.465909 0.093687 0.056818
1 0.192510 0.479278 0.070391 0.066845
1 0.855085 0.508356 0.017285 0.033422
1 0.870491 0.603777 0.052104 0.054479
1 0.975200 0.734291 0.022545 0.032754
0 0.084043 0.566344 0.009269 0.017714
1 0.062625 0.594084 0.027555 0.017714
1 0.061999 0.566009 0.012275 0.013703
1 0.047219 0.525735 0.009770 0.016043
1 0.773422 0.662600 0.080912 0.152072
0 0.903933 0.768884 0.016784 0.016377
1 0.008642 0.821190 0.016784 0.034759
1 0.516909 0.806818 0.021293 0.032754
0 0.878006 0.828710 0.015030 0.018382
1 0.868111 0.792948 0.029309 0.034425
1 0.899800 0.848262 0.024549 0.028743
1 0.287074 0.910094 0.043587 0.046123
1 0.341182 0.949031 0.044589 0.062500
1 0.418712 0.901905 0.031814 0.039773