0 0.982966 0.120154 0.008517 0.015709
0 0.859845 0.354111 0.011273 0.020388
0 0.972946 0.371324 0.008016 0.014037
0 0.064880 0.334559 0.012525 0.014037
0 0.258392 0.515374 0.018287 0.018048
0 0.368612 0.603944 0.009269 0.011364
0 0.333542 0.601939 0.007265 0.010695
0 0.135521 0.607453 0.011022 0.019051
0 0.246869 0.780247 0.020792 0.030414
0 0.432615 0.852774 0.011523 0.015709
0 0.451653 0.906083 0.008517 0.010695
0 0.461924 0.916110 0.007515 0.012701
0 0.483717 0.916110 0.007515 0.012701
0 0.414329 0.908924 0.005010 0.023061
0 0.309243 0.931985 0.012776 0.013703
0 0.182615 0.784091 0.010020 0.013369
0 0.394289 0.943683 0.009519 0.030414
0 0.411573 0.952039 0.022044 0.018382
0 0.462049 0.957052 0.007766 0.013035
0 0.498121 0.978108 0.008267 0.014372
0 0.510521 0.984291 0.011022 0.014706
0 0.477204 0.986798 0.021543 0.017045
0 0.500752 0.996658 0.010521 0.006684
1 0.524925 0.845254 0.095942 0.080214
1 0.538327 0.929980 0.066132 0.075869
1 0.851453 0.188001 0.072645 0.111297
1 0.923722 0.145053 0.026804 0.063503
1 0.317886 0.468750 0.106212 0.044452
1 0.643161 0.639706 0.046844 0.078877
1 0.259394 0.577373 0.044339 0.041110
1 0.496994 0.058155 0.065130 0.058824
1 0.165957 0.590074 0.025802 0.035762
1 0.255636 0.901070 0.031814 0.040107
1 0.276553 0.783422 0.021543 0.061497