0 0.064128 0.262701 0.013026 0.012701
0 0.048848 0.211230 0.010020 0.013369
0 0.348948 0.170120 0.011523 0.012032
0 0.494739 0.109626 0.028056 0.045455
0 0.551353 0.040943 0.010521 0.013703
0 0.891784 0.173128 0.013527 0.018717
0 0.959544 0.412266 0.043838 0.031083
0 0.504509 0.568182 0.009519 0.010027
0 0.890155 0.480114 0.010772 0.014372
0 0.834168 0.859124 0.016533 0.012366
0 0.019038 0.882687 0.015531 0.012032
0 0.041082 0.866979 0.007014 0.009358
0 0.133267 0.872326 0.006513 0.010695
1 0.387525 0.064840 0.140281 0.125668
1 0.133642 0.148396 0.058367 0.045455
1 0.885646 0.302139 0.139529 0.108289
1 0.524800 0.271557 0.022545 0.055816
1 0.985220 0.330047 0.029559 0.041110
1 0.853081 0.178476 0.035822 0.054813
1 0.173347 0.833556 0.059118 0.054813
1 0.582540 0.023061 0.044339 0.040107