0 0.038577 0.058656 0.010020 0.010361
0 0.064379 0.017213 0.008517 0.015709
0 0.426102 0.093082 0.076653 0.074532
0 0.534820 0.202874 0.083667 0.071524
0 0.566508 0.075201 0.068387 0.095588
0 0.522921 0.134693 0.013277 0.012032
0 0.496368 0.269218 0.051854 0.029078
0 0.807114 0.092580 0.013026 0.020722
0 0.865481 0.271056 0.009519 0.013369
0 0.871242 0.359124 0.040080 0.062500
0 0.740481 0.525401 0.065631 0.071524
0 0.834294 0.559325 0.056363 0.041778
0 0.834043 0.495154 0.029810 0.026404
0 0.830160 0.423463 0.011022 0.016043
0 0.951278 0.462567 0.015782 0.050802
0 0.242360 0.686330 0.012776 0.017714
0 0.252255 0.718583 0.008016 0.013369
0 0.195767 0.714906 0.010772 0.016711
0 0.306237 0.637533 0.009269 0.014372
0 0.399424 0.624499 0.049349 0.041778
0 0.021042 0.817179 0.011523 0.013369
0 0.136398 0.747828 0.009269 0.011698
1 0.922345 0.465241 0.017535 0.040107
1 0.981463 0.264706 0.037074 0.147059