0 0.324524 0.188336 0.014279 0.014372
0 0.463302 0.064672 0.011774 0.014372
0 0.853833 0.218583 0.010271 0.010027
0 0.365105 0.356618 0.011774 0.015374
0 0.546969 0.357955 0.009770 0.019385
0 0.911824 0.639873 0.096693 0.050468
0 0.528808 0.620154 0.061623 0.097259
0 0.494865 0.689505 0.014279 0.014706
0 0.011022 0.587567 0.010521 0.015374
0 0.211548 0.606618 0.010772 0.011364
0 0.149549 0.803309 0.011523 0.022393
0 0.146919 0.846257 0.014279 0.016043
0 0.128257 0.897560 0.015531 0.010361
0 0.216433 0.838904 0.007014 0.010027
0 0.107465 0.990475 0.013026 0.014372
1 0.154559 0.283757 0.300601 0.539439
1 0.367986 0.111130 0.092685 0.129345
1 0.488226 0.200201 0.121242 0.169118
1 0.477831 0.363469 0.081914 0.107955
1 0.588803 0.080381 0.071894 0.114639
1 0.661448 0.062667 0.036824 0.045789
1 0.697395 0.162433 0.065130 0.073529
1 0.493612 0.862968 0.317385 0.274064
1 0.777931 0.954378 0.246242 0.091243
1 0.792585 0.651905 0.100200 0.259693
1 0.718687 0.292614 0.047595 0.044452
1 0.695391 0.379011 0.067635 0.103610
1 0.687751 0.497660 0.084419 0.098262
1 0.947520 0.767213 0.095942 0.144719