1 0.024173 0.268215 0.046844 0.083890
1 0.062500 0.231618 0.021293 0.034091
1 0.091182 0.247493 0.028056 0.028409
1 0.106588 0.161598 0.039329 0.065842
1 0.158567 0.097928 0.028557 0.043449
1 0.242109 0.186832 0.043838 0.068182
0 0.201779 0.231785 0.011774 0.015709
1 0.405185 0.043616 0.198647 0.085227
1 0.527179 0.011197 0.030812 0.021056
1 0.599324 0.018215 0.063377 0.034425
0 0.673096 0.036096 0.018537 0.036096
0 0.692635 0.028910 0.008016 0.010361
1 0.748998 0.041945 0.095190 0.083222
1 0.900050 0.011029 0.063627 0.021390
1 0.884143 0.081217 0.045341 0.040107
1 0.882014 0.127340 0.040080 0.037433
1 0.858091 0.161263 0.027305 0.035762
0 0.837550 0.170455 0.011273 0.015374
0 0.750501 0.151070 0.048096 0.068182
1 0.711673 0.144552 0.018036 0.027072
1 0.995491 0.094920 0.009018 0.020053
1 0.962550 0.129512 0.024800 0.013035
1 0.852330 0.394719 0.060371 0.061497
0 0.458542 0.227273 0.017285 0.019385
0 0.347445 0.282086 0.016032 0.018717
1 0.534193 0.299298 0.025301 0.034425
1 0.596067 0.368148 0.040331 0.051805
1 0.650802 0.394385 0.043587 0.051471
1 0.692260 0.455214 0.049850 0.080214
1 0.988978 0.528409 0.022044 0.122995
1 0.149424 0.569184 0.017285 0.016711
1 0.010646 0.534926 0.020792 0.087233
1 0.374624 0.613803 0.047345 0.046457
0 0.215180 0.704211 0.073647 0.091578
0 0.324023 0.738636 0.118988 0.056150
0 0.323773 0.680816 0.112475 0.060829
0 0.135521 0.731283 0.078156 0.080882
0 0.444138 0.657253 0.012525 0.024398
0 0.422219 0.744485 0.028808 0.037099
0 0.886398 0.736798 0.108968 0.053142
0 0.977079 0.761865 0.045842 0.035762
0 0.079659 0.833389 0.075150 0.085227