0 0.303231 0.053476 0.014780 0.027406
0 0.270666 0.133690 0.010772 0.018717
0 0.322645 0.238971 0.019038 0.018717
0 0.812375 0.211230 0.014529 0.015374
0 0.932490 0.079211 0.007766 0.012032
0 0.500251 0.270221 0.006513 0.008356
0 0.462926 0.400401 0.010521 0.016043
0 0.140782 0.542614 0.013026 0.012366
0 0.849073 0.554144 0.031814 0.024733
1 0.221067 0.397894 0.401553 0.268382
1 0.662700 0.382854 0.261273 0.385361
1 0.794213 0.102774 0.227204 0.159425
1 0.899674 0.391711 0.200651 0.227273
1 0.922470 0.245321 0.149549 0.116979
1 0.406313 0.157420 0.197896 0.130348
1 0.475701 0.509358 0.102705 0.150401
1 0.324524 0.560160 0.129509 0.066845
1 0.056112 0.032086 0.045090 0.033422
1 0.628131 0.034258 0.033317 0.042447