0 0.394163 0.204211 0.022796 0.038770
0 0.579534 0.150568 0.010271 0.019719
0 0.933116 0.095588 0.010521 0.010695
0 0.782690 0.430648 0.013778 0.017045
0 0.355336 0.385027 0.014279 0.024064
0 0.144038 0.309158 0.017535 0.014037
0 0.154058 0.400735 0.010020 0.019385
0 0.250251 0.517045 0.017535 0.013369
0 0.933367 0.675301 0.009018 0.012366
0 0.470316 0.675969 0.020792 0.024398
0 0.569890 0.635194 0.012525 0.016377
0 0.223823 0.719753 0.013277 0.011698
0 0.274674 0.727774 0.013277 0.015709
0 0.354835 0.803810 0.009770 0.014037
0 0.482841 0.823195 0.015782 0.009358
0 0.724699 0.863803 0.011022 0.011698
0 0.684243 0.916611 0.009770 0.011698
0 0.582039 0.989472 0.014279 0.011698
0 0.690757 0.971424 0.017285 0.024398
1 0.080411 0.521056 0.107715 0.338904
1 0.488226 0.061497 0.370741 0.112299
1 0.774674 0.095421 0.127004 0.164773
1 0.254760 0.351771 0.147796 0.269719
1 0.639780 0.467079 0.087675 0.126003
1 0.221067 0.611798 0.157064 0.168115
1 0.521668 0.761698 0.298848 0.084893
1 0.687751 0.345087 0.116984 0.202874
1 0.962049 0.387366 0.075902 0.231952
1 0.944138 0.570521 0.108717 0.116979
1 0.833417 0.935495 0.227956 0.068850
1 0.331663 0.939338 0.268036 0.121324
1 0.083166 0.913770 0.155311 0.132353
1 0.121618 0.803476 0.127004 0.116979
1 0.535822 0.454211 0.083667 0.118316
1 0.957164 0.038102 0.062625 0.058824