0 0.954534 0.406083 0.009269 0.013369
0 0.924474 0.507019 0.023297 0.038770
0 0.989479 0.428810 0.021042 0.024733
0 0.861974 0.548295 0.021042 0.035762
0 0.150802 0.702373 0.010521 0.013035
0 0.579534 0.724933 0.019289 0.020053
0 0.612725 0.738803 0.010521 0.009693
0 0.837926 0.722928 0.018537 0.028743
0 0.922595 0.670455 0.012024 0.013369
0 0.845942 0.802139 0.009519 0.018717
0 0.816258 0.816009 0.009770 0.011698
0 0.710797 0.788102 0.015782 0.015374
0 0.699274 0.719251 0.010772 0.011364
0 0.692260 0.820187 0.011273 0.011364
0 0.659193 0.941176 0.009269 0.012701
0 0.680110 0.896892 0.007014 0.009024
0 0.951152 0.929311 0.010020 0.017045
1 0.259895 0.126003 0.044339 0.043449
1 0.351703 0.207553 0.096192 0.163770
1 0.533692 0.254679 0.129509 0.200535
1 0.283317 0.866979 0.558617 0.266043
1 0.405937 0.660261 0.251253 0.289773
1 0.788327 0.528242 0.107715 0.308489
1 0.848572 0.925468 0.144539 0.140374
1 0.938252 0.800134 0.123497 0.161765
1 0.953282 0.322193 0.093437 0.130348
1 0.948272 0.599599 0.103457 0.090241
1 0.715306 0.600100 0.086924 0.131350