0 0.363352 0.722259 0.036824 0.056818
0 0.497745 0.594586 0.033567 0.038102
0 0.504008 0.521557 0.024048 0.025735
0 0.751628 0.723930 0.046844 0.046791
0 0.132014 0.304980 0.025050 0.017714
0 0.908191 0.160094 0.039329 0.035428
0 0.383392 0.512701 0.041834 0.028075
0 0.006638 0.157921 0.012776 0.030414
0 0.199023 0.146390 0.007766 0.010695
0 0.516909 0.150902 0.009269 0.013703
0 0.981713 0.264873 0.036573 0.032420
0 0.891533 0.348095 0.017034 0.037767
0 0.048472 0.318182 0.017786 0.020722
0 0.203908 0.443015 0.015531 0.016377
0 0.385145 0.557821 0.008267 0.013369
0 0.240481 0.625000 0.010020 0.024733
0 0.826528 0.744820 0.012275 0.012366
0 0.594564 0.761531 0.008267 0.012366
0 0.408567 0.755515 0.024048 0.016377
0 0.053858 0.601771 0.009018 0.010361
0 0.105336 0.392045 0.007265 0.012701
1 0.169589 0.731116 0.319138 0.154746
1 0.965556 0.513870 0.068888 0.346591
1 0.081538 0.185662 0.100952 0.184826
1 0.154559 0.646390 0.138778 0.270722
1 0.278181 0.728275 0.081914 0.131684
1 0.518161 0.683656 0.229709 0.104612
1 0.238477 0.339405 0.151303 0.111297
1 0.237224 0.234291 0.145291 0.110294
1 0.518161 0.390207 0.055862 0.067848
1 0.443512 0.549465 0.048347 0.150401
1 0.979334 0.151738 0.041333 0.150401