0 0.099449 0.126504 0.037575 0.018382
0 0.357089 0.020555 0.019790 0.033757
0 0.426353 0.073529 0.023547 0.039439
0 0.826779 0.071190 0.010271 0.019385
0 0.949148 0.111130 0.017535 0.019051
0 0.892786 0.141878 0.008517 0.018382
0 0.930235 0.291110 0.011774 0.017380
0 0.031313 0.476270 0.030060 0.047460
0 0.092059 0.513369 0.015281 0.018717
0 0.069765 0.531250 0.014780 0.013035
0 0.480711 0.305481 0.014028 0.014037
0 0.494865 0.419285 0.009770 0.009693
0 0.487851 0.493483 0.035321 0.031751
0 0.505511 0.517547 0.013026 0.013703
0 0.805862 0.557320 0.015030 0.027072
0 0.457290 0.648563 0.012275 0.010361
0 0.450025 0.698028 0.010772 0.015709
0 0.752255 0.770053 0.023547 0.024064
0 0.091057 0.915107 0.018788 0.018717
0 0.677229 0.905582 0.012275 0.021725
0 0.147796 0.895221 0.013527 0.013703
0 0.352956 0.985461 0.026553 0.029078
0 0.470441 0.950535 0.011022 0.020053
0 0.438753 0.969418 0.011273 0.013703
0 0.451904 0.991644 0.017535 0.014706
0 0.812876 0.974265 0.010020 0.011364
0 0.857966 0.850267 0.006513 0.012032
1 0.243988 0.299298 0.172846 0.590575
1 0.215180 0.740642 0.420842 0.213904
1 0.162074 0.973262 0.304609 0.053476
1 0.626002 0.665943 0.195391 0.351939
1 0.567385 0.099265 0.205411 0.183824
1 0.062625 0.058656 0.112725 0.089238
1 0.746994 0.343917 0.294088 0.252005
1 0.658567 0.959392 0.265531 0.081217
1 0.886022 0.729947 0.227956 0.181818
1 0.944013 0.947193 0.111974 0.105615
1 0.891032 0.395053 0.217936 0.113636