0 0.032816 0.574365 0.028056 0.031751
0 0.093312 0.386364 0.010271 0.012701
0 0.277931 0.402239 0.015281 0.017714
0 0.299349 0.522059 0.008016 0.016711
1 0.042084 0.433322 0.083166 0.230281
1 0.194389 0.332219 0.209920 0.082219
1 0.116107 0.512366 0.069389 0.203209
0 0.077405 0.639706 0.011022 0.026738
1 0.051854 0.800134 0.101703 0.157754
1 0.225827 0.909926 0.075902 0.077874
1 0.855461 0.928643 0.050100 0.064505
1 0.949524 0.910094 0.100952 0.129679
1 0.948522 0.747828 0.102956 0.193516
1 0.774925 0.693850 0.126002 0.203209
0 0.911573 0.591243 0.018537 0.027406
0 0.782816 0.401237 0.032565 0.057152
0 0.653682 0.350267 0.010772 0.016043
0 0.677605 0.301805 0.032064 0.026738
1 0.607841 0.463068 0.074900 0.180147
1 0.452530 0.443015 0.225200 0.158088
1 0.417585 0.317513 0.179359 0.088904