0 0.117485 0.581551 0.055110 0.060160
0 0.031313 0.623329 0.025050 0.042112
0 0.009143 0.741143 0.013778 0.023061
0 0.402430 0.919118 0.016784 0.019385
0 0.190005 0.960227 0.012776 0.020722
1 0.023171 0.086564 0.039329 0.104947
1 0.395541 0.634024 0.137776 0.183824
1 0.728457 0.876337 0.543086 0.247326
1 0.100451 0.888035 0.140281 0.190508
1 0.042836 0.513202 0.065130 0.122660
1 0.195516 0.493817 0.198647 0.101270
1 0.294088 0.877005 0.150301 0.239305
1 0.218562 0.701036 0.161072 0.105949
1 0.686999 0.723763 0.291333 0.144719