0 0.209669 0.144552 0.008016 0.009024
0 0.715556 0.217246 0.017285 0.018048
0 0.715681 0.093082 0.007014 0.017714
0 0.789579 0.331049 0.008517 0.020388
0 0.701779 0.349766 0.008267 0.010361
0 0.123372 0.436832 0.008267 0.018717
0 0.637901 0.598262 0.015281 0.014706
0 0.723697 0.667781 0.014529 0.018717
0 0.730210 0.641711 0.008016 0.013369
0 0.533191 0.668951 0.015782 0.017714
0 0.580787 0.649064 0.009269 0.010695
0 0.402305 0.711731 0.011022 0.019719
0 0.706413 0.747828 0.021543 0.026404
0 0.751628 0.815341 0.019790 0.010361
0 0.788577 0.772393 0.010020 0.014706
0 0.803732 0.891878 0.012275 0.022393
1 0.269038 0.626337 0.186874 0.315508
1 0.044464 0.698864 0.081914 0.123663
1 0.017786 0.815842 0.035070 0.083556
1 0.115857 0.725602 0.039329 0.063503
1 0.451528 0.912600 0.536824 0.174799
1 0.594689 0.741143 0.103707 0.081217
1 0.858717 0.960561 0.282565 0.078877
1 0.863226 0.470922 0.052605 0.051471
1 0.871869 0.792447 0.041834 0.063503
1 0.614354 0.529913 0.084419 0.071190
1 0.965556 0.843583 0.068888 0.074866
1 0.922470 0.134024 0.049349 0.056818
1 0.987350 0.127172 0.025301 0.052473