0 0.037450 0.254679 0.012776 0.015374
0 0.307740 0.127005 0.010271 0.013369
0 0.091433 0.027072 0.010020 0.014706
0 0.480461 0.110795 0.013026 0.011029
0 0.482590 0.079713 0.015782 0.011698
0 0.407690 0.164606 0.012275 0.011029
0 0.369113 0.200368 0.007265 0.014372
0 0.661197 0.227273 0.015281 0.014706
0 0.903557 0.087066 0.013527 0.016377
0 0.851829 0.060829 0.016784 0.018048
0 0.031313 0.296624 0.015030 0.020388
0 0.124749 0.363803 0.016032 0.024398
0 0.377255 0.464238 0.011523 0.013369
0 0.143662 0.476771 0.012776 0.019719
0 0.146668 0.416277 0.011774 0.008356
0 0.298472 0.468583 0.011273 0.008021
0 0.013277 0.607286 0.010521 0.012701
0 0.061122 0.639205 0.022044 0.033088
0 0.349825 0.715742 0.025301 0.021725
0 0.291583 0.568015 0.018537 0.029746
0 0.443387 0.561999 0.020040 0.012366
0 0.446518 0.814840 0.027305 0.018048
0 0.553983 0.869652 0.023798 0.022059
0 0.561874 0.940675 0.013026 0.011029
1 0.561247 0.464739 0.189629 0.194853
1 0.045466 0.080381 0.076904 0.132687
1 0.284820 0.046457 0.323146 0.075535
1 0.211298 0.186163 0.119489 0.150401
1 0.387776 0.621324 0.090180 0.088904
1 0.636398 0.738302 0.258267 0.182487
1 0.931613 0.630348 0.070140 0.213904
1 0.051728 0.438503 0.084419 0.140374
1 0.665706 0.096090 0.318387 0.161430
1 0.936623 0.226939 0.126754 0.207219
1 0.303106 0.366143 0.229459 0.104612
1 0.258768 0.809492 0.092685 0.113636
1 0.981713 0.904746 0.036573 0.083556
1 0.020792 0.948864 0.037575 0.082219
1 0.324399 0.050301 0.173848 0.081217