0 0.023171 0.195020 0.013277 0.011029
0 0.112350 0.069853 0.034319 0.049465
0 0.161949 0.056985 0.027806 0.029078
0 0.117109 0.191511 0.029309 0.028743
0 0.217936 0.277908 0.021543 0.021056
0 0.259394 0.250334 0.011774 0.016043
0 0.345190 0.166110 0.016032 0.014706
0 0.823272 0.154746 0.125000 0.111631
0 0.867986 0.240140 0.045591 0.047126
0 0.899674 0.438001 0.011774 0.028409
0 0.923221 0.403576 0.012776 0.014372
0 0.503382 0.449365 0.015782 0.017714
0 0.379008 0.438503 0.014028 0.016711
0 0.380386 0.483456 0.019289 0.019719
0 0.489103 0.519552 0.023297 0.031083
0 0.168712 0.330381 0.014279 0.015040
0 0.065506 0.340575 0.012275 0.013369
0 0.984970 0.653576 0.009519 0.014372
0 0.887149 0.689840 0.026804 0.029412
0 0.590180 0.697694 0.012525 0.018382
0 0.395165 0.693015 0.030812 0.024398
0 0.344689 0.654245 0.043086 0.061163
0 0.311247 0.723596 0.016784 0.020053
0 0.220566 0.550635 0.011273 0.033757
1 0.401303 0.321023 0.221443 0.192848
1 0.598447 0.304980 0.132766 0.196190
1 0.097821 0.560662 0.182114 0.339906
1 0.367109 0.565174 0.194639 0.070187
1 0.485972 0.684325 0.120240 0.101270
1 0.584168 0.587233 0.131263 0.083556
1 0.661072 0.520053 0.047595 0.060160
1 0.688502 0.593416 0.025802 0.042447
1 0.800476 0.497159 0.084419 0.074532
1 0.811373 0.381183 0.037575 0.065842
1 0.022295 0.311497 0.037575 0.127005
1 0.235972 0.674298 0.079158 0.121324