0 0.055486 0.055147 0.021293 0.024064
0 0.364604 0.132520 0.010271 0.021725
0 0.486723 0.228275 0.014028 0.024733
0 0.509644 0.221591 0.022796 0.017380
0 0.483717 0.268048 0.016032 0.030749
0 0.496242 0.281083 0.012024 0.022727
0 0.679484 0.241979 0.018788 0.026070
0 0.837675 0.299967 0.013026 0.014372
0 0.835797 0.252674 0.014279 0.019385
0 0.866483 0.296959 0.011022 0.017714
0 0.542460 0.336063 0.007766 0.017045
0 0.601202 0.355114 0.011022 0.015040
0 0.463677 0.402239 0.010020 0.015040
0 0.320015 0.305648 0.016784 0.017714
0 0.197144 0.271557 0.010521 0.015040
0 0.183993 0.484291 0.009269 0.017380
0 0.201027 0.487801 0.009770 0.018382
0 0.096318 0.550969 0.014279 0.022393
0 0.348447 0.512701 0.013026 0.008690
0 0.382515 0.532420 0.012525 0.016711
0 0.469940 0.579713 0.018537 0.019051
0 0.451152 0.671290 0.011523 0.016377
0 0.872119 0.602273 0.012275 0.018048
0 0.651052 0.721925 0.011523 0.020722
0 0.119865 0.696357 0.020792 0.021056
0 0.961298 0.775401 0.011774 0.010027
1 0.233843 0.122326 0.203657 0.240642
1 0.288577 0.400234 0.298096 0.121324
1 0.734469 0.098763 0.530060 0.184826
1 0.712801 0.357286 0.139529 0.091578
1 0.762525 0.483289 0.175351 0.093583
1 0.180486 0.713737 0.068387 0.131350
1 0.942635 0.321023 0.114729 0.241644
1 0.054359 0.436832 0.090180 0.076872
1 0.314128 0.415274 0.175351 0.129345