0 0.160696 0.262032 0.012275 0.028743
0 0.484469 0.179980 0.009018 0.013035
0 0.476202 0.311330 0.009519 0.015040
0 0.502380 0.356785 0.024299 0.029746
0 0.165080 0.475602 0.009519 0.011364
0 0.145917 0.518717 0.008768 0.008021
0 0.344815 0.504512 0.015281 0.019051
0 0.464178 0.604278 0.044589 0.047460
0 0.690757 0.506517 0.039329 0.039104
0 0.011648 0.673964 0.012776 0.017045
0 0.031438 0.703877 0.008768 0.010027
0 0.124875 0.710729 0.009770 0.008356
0 0.169339 0.621324 0.008016 0.013369
0 0.008768 0.811497 0.016533 0.048128
0 0.024549 0.808656 0.012525 0.017714
0 0.299223 0.826705 0.008768 0.011698
0 0.460170 0.844920 0.016533 0.017380
0 0.818387 0.960896 0.009519 0.017380
0 0.344063 0.913603 0.010772 0.015040
0 0.319389 0.926972 0.009018 0.008356
0 0.398171 0.919285 0.008768 0.011029
1 0.905686 0.228108 0.050852 0.075869
1 0.949023 0.717747 0.054359 0.085896
1 0.132390 0.336063 0.039329 0.082553
1 0.978958 0.930481 0.042084 0.139037
1 0.725701 0.915943 0.051603 0.072527
1 0.191759 0.984459 0.030812 0.031083
1 0.318637 0.603610 0.031062 0.033422
1 0.388277 0.722761 0.025050 0.037767