0 0.118236 0.215909 0.008517 0.014037
0 0.837550 0.108456 0.047345 0.055147
0 0.773547 0.260361 0.014529 0.016711
0 0.088928 0.380013 0.174850 0.193182
0 0.308617 0.408924 0.176854 0.136029
0 0.524048 0.445689 0.037074 0.024398
0 0.052104 0.530247 0.037074 0.077206
0 0.082164 0.562333 0.009018 0.019719
0 0.129384 0.570689 0.008768 0.012366
0 0.227079 0.584726 0.010271 0.011029
0 0.435872 0.482787 0.010521 0.015709
0 0.468813 0.524733 0.012275 0.020053
0 0.408191 0.862467 0.015281 0.021725
0 0.333542 0.908757 0.016784 0.013369
0 0.363101 0.970922 0.008768 0.012701
0 0.511648 0.915107 0.011273 0.013369
1 0.716683 0.104947 0.136774 0.203877
1 0.896668 0.032420 0.166082 0.063503
1 0.413327 0.974933 0.066633 0.050134
1 0.333166 0.969418 0.031563 0.061163