1 0.062625 0.155916 0.124749 0.311163
0 0.163953 0.088068 0.012275 0.011698
1 0.293712 0.046123 0.226202 0.091578
0 0.395666 0.023730 0.012776 0.024064
1 0.534945 0.069017 0.258267 0.137366
1 0.563377 0.169118 0.030561 0.066845
0 0.587926 0.197193 0.017535 0.016043
0 0.636398 0.180147 0.018287 0.014706
1 0.633642 0.239305 0.055361 0.069519
1 0.632014 0.306317 0.026052 0.051805
1 0.651804 0.448864 0.116733 0.211230
0 0.707415 0.320020 0.024048 0.026404
0 0.690631 0.175969 0.010020 0.017045
1 0.285947 0.176805 0.024299 0.033422
1 0.332791 0.153075 0.022295 0.023396
1 0.394289 0.192179 0.025050 0.031417
0 0.689755 0.015207 0.015281 0.015709
1 0.798973 0.071190 0.209669 0.141711
0 0.912575 0.112801 0.015030 0.012366
1 0.952280 0.053476 0.095441 0.105615
1 0.961423 0.129178 0.077154 0.046457
1 0.968938 0.264873 0.062124 0.087233
1 0.988978 0.351270 0.022044 0.081551
1 0.902931 0.533255 0.074900 0.068516
1 0.799599 0.449699 0.065130 0.064505
0 0.760020 0.506350 0.012024 0.016043
1 0.770291 0.534759 0.040080 0.036096
1 0.762776 0.576705 0.035571 0.035762
1 0.736849 0.612801 0.024800 0.033088
0 0.716809 0.628175 0.010772 0.018382
0 0.569138 0.520053 0.022545 0.038102
0 0.629760 0.620321 0.048597 0.066176
1 0.501503 0.440675 0.169840 0.126003
1 0.397545 0.477774 0.018036 0.027072
1 0.304484 0.517714 0.203156 0.173128
0 0.355210 0.487968 0.012024 0.018048
1 0.061999 0.653576 0.033818 0.044452
1 0.015030 0.725936 0.027555 0.067513
1 0.135020 0.736130 0.043587 0.059158
0 0.227831 0.805816 0.016784 0.016711
0 0.327280 0.738135 0.016283 0.021725
1 0.407565 0.795622 0.022545 0.038436
1 0.466308 0.859960 0.031814 0.055481
1 0.548848 0.892547 0.083667 0.079880
0 0.695391 0.876337 0.029058 0.036096
1 0.706162 0.828710 0.029058 0.052473
1 0.730336 0.808155 0.016784 0.018717
1 0.868236 0.932988 0.076653 0.113971
1 0.396794 0.915274 0.042585 0.025067
1 0.937751 0.844084 0.014780 0.028409