0 0.118236 0.009191 0.014028 0.015709
0 0.172470 0.046624 0.006764 0.015040
0 0.279434 0.234626 0.010271 0.016711
0 0.818637 0.406584 0.005511 0.009693
0 0.233342 0.379345 0.013778 0.030080
0 0.135772 0.307487 0.010521 0.022059
0 0.239729 0.512868 0.017535 0.013703
0 0.263402 0.565842 0.016784 0.011364
0 0.258016 0.522059 0.008517 0.008021
0 0.408191 0.629679 0.018287 0.122326
0 0.479835 0.638202 0.010271 0.015040
0 0.452154 0.715408 0.009018 0.015709
0 0.013778 0.747660 0.025050 0.021390
0 0.225200 0.753008 0.007515 0.015374
0 0.043337 0.935160 0.009519 0.020053
0 0.050100 0.913937 0.013527 0.012366
0 0.186247 0.884191 0.013778 0.021725
1 0.387650 0.412934 0.147044 0.142714
1 0.067385 0.058656 0.092685 0.075869
1 0.081162 0.267547 0.076653 0.148061
1 0.208041 0.134024 0.066884 0.130348
1 0.319138 0.252005 0.035070 0.063503
1 0.044088 0.678643 0.077655 0.074532
1 0.090807 0.824198 0.176102 0.073529
1 0.354208 0.539940 0.073647 0.089238
1 0.456914 0.895889 0.048597 0.059158
1 0.537826 0.900401 0.065130 0.096925
1 0.585922 0.975602 0.079158 0.048797
1 0.191383 0.731618 0.036573 0.068850