0 0.044088 0.054479 0.011022 0.018048
0 0.809870 0.104612 0.022545 0.025401
0 0.897545 0.126504 0.022545 0.021725
0 0.895917 0.026237 0.016283 0.024398
0 0.965431 0.073362 0.010020 0.021056
0 0.751127 0.030247 0.012275 0.020388
0 0.246117 0.607787 0.016784 0.017045
1 0.617485 0.767380 0.049599 0.069519
1 0.657315 0.677807 0.040581 0.048128
1 0.346944 0.697193 0.034569 0.028743
1 0.085045 0.696190 0.021794 0.026738
1 0.801728 0.502507 0.011774 0.023730
1 0.968687 0.434325 0.022545 0.037767
0 0.536698 0.201872 0.017285 0.014706
0 0.867234 0.104278 0.014028 0.012032
0 0.856212 0.116310 0.008517 0.008021
1 0.402555 0.085561 0.640782 0.147059