0 0.106212 0.011029 0.016032 0.019385
0 0.204659 0.193182 0.007515 0.012032
0 0.443136 0.250167 0.015030 0.025735
0 0.465556 0.099933 0.012275 0.014706
0 0.564880 0.124499 0.040581 0.029746
0 0.585546 0.024566 0.008768 0.016377
0 0.658692 0.164439 0.050351 0.034759
0 0.623121 0.078041 0.008267 0.015709
0 0.696518 0.258356 0.012776 0.013369
0 0.624374 0.124164 0.010271 0.015709
0 0.244364 0.515709 0.011273 0.012701
0 0.876378 0.641711 0.015782 0.022727
1 0.360471 0.978275 0.044088 0.043449
1 0.372119 0.480949 0.049349 0.048797
1 0.910696 0.649231 0.034319 0.062500
1 0.957916 0.759024 0.018537 0.036765
1 0.860220 0.723262 0.021543 0.032086
1 0.178482 0.369987 0.044339 0.043449
1 0.167209 0.454211 0.028307 0.040107
1 0.052355 0.145722 0.046092 0.053476
1 0.084544 0.114973 0.033317 0.036765
1 0.609719 0.239639 0.123747 0.090241
1 0.690256 0.073864 0.099449 0.116979
1 0.034820 0.028075 0.069138 0.030080
1 0.417585 0.071524 0.030060 0.058824