0 0.385145 0.420789 0.007766 0.010027
0 0.464805 0.525902 0.014279 0.013703
0 0.460671 0.612467 0.005511 0.011029
0 0.517285 0.610963 0.010521 0.010027
0 0.485471 0.643382 0.012024 0.010695
0 0.008768 0.736464 0.010521 0.012366
0 0.091934 0.906584 0.013026 0.015709
1 0.933742 0.651905 0.132515 0.172794
1 0.852705 0.793449 0.062625 0.078877
1 0.606713 0.826872 0.238978 0.262032
1 0.754259 0.974432 0.036072 0.051136
1 0.819890 0.991143 0.035070 0.017714
1 0.096819 0.789606 0.129509 0.124666
1 0.113978 0.966076 0.215431 0.067848
1 0.437124 0.443015 0.061623 0.075869
1 0.597695 0.542781 0.046593 0.065508
1 0.595190 0.646892 0.058617 0.057821