0 0.259143 0.071023 0.011774 0.023730
0 0.189629 0.199532 0.012525 0.025401
0 0.669840 0.251170 0.007014 0.011698
0 0.751754 0.257353 0.010020 0.010027
0 0.863352 0.430314 0.018788 0.022393
0 0.634269 0.433824 0.051102 0.040107
0 0.082540 0.447025 0.011273 0.014372
0 0.026303 0.537099 0.011523 0.017380
0 0.330160 0.490140 0.052104 0.039104
0 0.291207 0.463570 0.012275 0.018717
0 0.232089 0.611297 0.011273 0.012701
0 0.498497 0.478610 0.021042 0.022727
0 0.413577 0.613971 0.014028 0.012032
0 0.563502 0.498830 0.015281 0.022393
0 0.783191 0.538603 0.052355 0.033088
0 0.968437 0.541611 0.013026 0.011698
1 0.533317 0.071524 0.149299 0.116979
1 0.119990 0.331718 0.232966 0.196190
1 0.357966 0.370154 0.192886 0.141377
1 0.130762 0.558824 0.157816 0.113636
1 0.331663 0.574532 0.110220 0.088904
1 0.583041 0.567346 0.208667 0.072527
1 0.760897 0.395221 0.163577 0.191511
1 0.938001 0.334392 0.123998 0.348596
1 0.026929 0.133857 0.051854 0.092580