0 0.150927 0.047627 0.014780 0.032420
0 0.042585 0.279579 0.018537 0.022393
0 0.121618 0.267213 0.025802 0.033088
0 0.341433 0.119318 0.016533 0.016711
0 0.392034 0.093917 0.014028 0.023396
0 0.596318 0.044619 0.020291 0.023730
0 0.657941 0.096090 0.013778 0.021725
0 0.675225 0.167948 0.011774 0.022393
0 0.894539 0.224432 0.016533 0.021725
0 0.183116 0.605615 0.011022 0.018717
0 0.140406 0.513536 0.010271 0.024398
0 0.100200 0.578376 0.011022 0.021056
0 0.381889 0.580548 0.011273 0.014037
0 0.677856 0.509358 0.014028 0.020053
0 0.705912 0.538269 0.015030 0.017714
0 0.743362 0.533757 0.013778 0.015374
0 0.724073 0.504011 0.013778 0.012032
0 0.750125 0.611297 0.012776 0.018717
0 0.890531 0.688503 0.018537 0.018048
0 0.580286 0.686664 0.012776 0.025067
0 0.266784 0.807654 0.010521 0.015709
0 0.071643 0.789439 0.016533 0.014706
0 0.285070 0.837400 0.019539 0.024398
0 0.484469 0.920120 0.029559 0.028075
0 0.465180 0.896892 0.021042 0.016377
1 0.062249 0.116644 0.110972 0.225267
1 0.256764 0.295455 0.147796 0.558155
1 0.518287 0.319519 0.182866 0.594920
1 0.845691 0.077206 0.308617 0.137032
1 0.751628 0.355114 0.208667 0.242981
1 0.217184 0.924298 0.417335 0.151404
1 0.205536 0.702039 0.397545 0.128008
1 0.680987 0.851939 0.326403 0.296123
1 0.041834 0.456384 0.078657 0.283088
1 0.137525 0.413102 0.112725 0.127005
1 0.942385 0.328877 0.109218 0.132353