0 0.096819 0.194352 0.028307 0.029746
0 0.149173 0.235963 0.023297 0.025401
0 0.212926 0.160261 0.014028 0.027741
0 0.185371 0.196691 0.012024 0.009024
0 0.115606 0.274733 0.017285 0.012032
0 0.373873 0.058155 0.007265 0.015374
0 0.506137 0.040274 0.024299 0.023730
0 0.698146 0.239639 0.013527 0.017380
0 0.579910 0.340241 0.025050 0.034759
0 0.092936 0.297126 0.012024 0.021390
0 0.025301 0.393549 0.018537 0.013703
0 0.051854 0.354111 0.011022 0.012366
0 0.848697 0.768048 0.013026 0.016043
0 0.163327 0.866477 0.012024 0.019719
1 0.176353 0.070354 0.334168 0.105949
1 0.160947 0.603610 0.299850 0.340909
1 0.170591 0.396892 0.180361 0.121324
1 0.115481 0.948864 0.215431 0.102273
1 0.227204 0.830214 0.100200 0.132353
1 0.560496 0.196357 0.238727 0.192848
1 0.725701 0.080381 0.265531 0.126003
1 0.556738 0.411932 0.080912 0.069184
1 0.643161 0.316009 0.081914 0.069184