1 0.519038 0.373997 0.128758 0.131684
1 0.462300 0.890374 0.412575 0.217246
1 0.843938 0.910929 0.312124 0.178142
1 0.966809 0.297627 0.041834 0.067848
1 0.864479 0.429144 0.062625 0.101604
1 0.779684 0.520388 0.128507 0.096925
1 0.980461 0.643048 0.039078 0.065508
1 0.963928 0.541110 0.042585 0.044786
0 0.175977 0.164271 0.012275 0.023061
1 0.453156 0.238971 0.018036 0.028075
1 0.838803 0.170120 0.030812 0.037433
0 0.807991 0.234459 0.009770 0.009693
1 0.854083 0.320521 0.019289 0.034759
1 0.720942 0.376671 0.019539 0.032086
1 0.971192 0.370321 0.027555 0.044118
1 0.990857 0.347594 0.018287 0.022059
1 0.562500 0.283590 0.059369 0.052473
0 0.579785 0.367814 0.017786 0.025067
1 0.228332 0.448864 0.033317 0.062166
1 0.465180 0.469084 0.020040 0.029746
1 0.620240 0.594251 0.028056 0.026738
0 0.318888 0.646725 0.021543 0.030749
1 0.013903 0.678977 0.026303 0.033088
1 0.164955 0.671791 0.019790 0.036096
0 0.901177 0.649566 0.009770 0.013035
0 0.173848 0.800301 0.015531 0.015040
0 0.228457 0.815341 0.014028 0.021056
0 0.154058 0.897727 0.025551 0.022059
0 0.219063 0.936664 0.020291 0.017714
0 0.523547 0.913102 0.016032 0.020722
0 0.677480 0.921457 0.021293 0.023396
0 0.221192 0.975434 0.013026 0.015709
1 0.146418 0.979445 0.125501 0.041110
1 0.013527 0.915441 0.026553 0.145722