0 0.173973 0.152072 0.024800 0.029412
1 0.961548 0.251838 0.036824 0.055816
0 0.362976 0.531083 0.010020 0.010695
0 0.057740 0.642881 0.007766 0.011029
0 0.275802 0.822360 0.011523 0.017045
0 0.263527 0.750668 0.010521 0.014706
0 0.129008 0.920120 0.006513 0.014706
0 0.218687 0.971424 0.011022 0.017045
0 0.368487 0.990809 0.013527 0.018382
0 0.399674 0.985461 0.021794 0.020388
1 0.881513 0.821190 0.236974 0.357620
1 0.110346 0.362968 0.131012 0.100267
1 0.074399 0.945521 0.072645 0.108957
1 0.368863 0.601270 0.086924 0.055481
1 0.339930 0.681484 0.057615 0.086898
1 0.416834 0.711063 0.057615 0.094586
1 0.646543 0.446524 0.092685 0.106952
1 0.605962 0.694352 0.060120 0.061163
1 0.291583 0.944352 0.112725 0.111297
1 0.022670 0.650401 0.040832 0.187166
1 0.634394 0.982787 0.078407 0.034425
1 0.663577 0.929311 0.048597 0.107955
1 0.533317 0.740976 0.035070 0.050134
1 0.102079 0.658590 0.060872 0.092580
1 0.014780 0.493316 0.026553 0.060160
1 0.965932 0.351604 0.050100 0.046791
1 0.338427 0.267045 0.062625 0.060160