0 0.765656 0.224766 0.010772 0.016377
0 0.864479 0.013202 0.027555 0.015040
0 0.851703 0.499332 0.016032 0.022059
0 0.139780 0.597928 0.023046 0.027406
0 0.127004 0.679813 0.010020 0.014706
0 0.567009 0.907754 0.041333 0.018717
0 0.756263 0.736965 0.011523 0.011364
1 0.934619 0.363971 0.046092 0.100267
1 0.197896 0.105615 0.082665 0.060160
1 0.866984 0.558824 0.059118 0.066845
1 0.963427 0.602941 0.068637 0.092246
1 0.048848 0.571691 0.095190 0.255013
1 0.080661 0.834726 0.095190 0.172794
1 0.886147 0.424799 0.045842 0.070187