0 0.253758 0.017045 0.014028 0.017380
0 0.368236 0.209057 0.008016 0.015040
0 0.962049 0.040608 0.022796 0.067179
0 0.012275 0.360127 0.010521 0.012366
0 0.023046 0.148229 0.009018 0.014372
0 0.567260 0.246992 0.008267 0.018048
0 0.626503 0.102440 0.010020 0.014372
0 0.446268 0.566678 0.008768 0.021725
0 0.381513 0.761865 0.016032 0.021056
0 0.023923 0.993817 0.020792 0.012366
1 0.492735 0.904245 0.656313 0.191511
1 0.567134 0.770722 0.319138 0.093583
1 0.240982 0.497660 0.077655 0.098262
1 0.131764 0.258690 0.142786 0.237299
1 0.496994 0.305481 0.106713 0.094920
1 0.675726 0.405749 0.153557 0.150401
1 0.818011 0.190174 0.221192 0.285428
1 0.186373 0.054813 0.096693 0.078877
1 0.969314 0.317179 0.061373 0.354278