0 0.196894 0.110963 0.026553 0.025401
0 0.148171 0.110294 0.023798 0.021390
0 0.014028 0.277908 0.008517 0.009024
0 0.257640 0.088068 0.015281 0.017045
0 0.362725 0.082553 0.008016 0.013369
0 0.367735 0.106116 0.012024 0.013703
0 0.632265 0.114138 0.008517 0.010361
0 0.649424 0.144218 0.016784 0.018382
0 0.773923 0.341745 0.010271 0.017045
0 0.890030 0.315341 0.010521 0.013035
0 0.531814 0.447193 0.009018 0.016711
0 0.308367 0.370989 0.013527 0.016043
0 0.571268 0.497326 0.062876 0.079545
0 0.945767 0.496324 0.012275 0.014706
0 0.041708 0.903576 0.020792 0.029746
1 0.166708 0.745655 0.217184 0.183824
1 0.107465 0.519886 0.118737 0.218249
1 0.255261 0.609124 0.156814 0.171457
1 0.383768 0.532754 0.220441 0.212567
1 0.841308 0.133356 0.317385 0.255348
1 0.064128 0.086397 0.125251 0.151404
1 0.753382 0.487634 0.070892 0.115642
1 0.872745 0.475936 0.101202 0.230615
1 0.947896 0.391210 0.097695 0.107955
1 0.924975 0.631350 0.091934 0.106952
1 0.483216 0.838068 0.180361 0.112634
1 0.851077 0.742647 0.054359 0.093583
1 0.918337 0.725434 0.030060 0.054479
1 0.964930 0.813503 0.045090 0.074866
1 0.612224 0.716578 0.044088 0.072193
1 0.714930 0.734459 0.064128 0.039104
1 0.136273 0.272059 0.137776 0.076872
1 0.448773 0.306150 0.234719 0.225267
1 0.227705 0.383021 0.075150 0.100267
1 0.281563 0.265876 0.041082 0.064505