0 0.298096 0.076872 0.010521 0.011364
0 0.621117 0.178810 0.009770 0.012701
0 0.567761 0.088904 0.008267 0.009358
0 0.665331 0.030080 0.019539 0.011364
0 0.277555 0.284592 0.021042 0.017714
0 0.369364 0.328877 0.007766 0.020053
0 0.726202 0.533422 0.029058 0.038102
0 0.948898 0.667614 0.008517 0.009693
0 0.162325 0.898730 0.008517 0.012701
0 0.918838 0.862634 0.011523 0.010027
1 0.110847 0.468082 0.079409 0.112634
1 0.570391 0.431985 0.045090 0.055816
1 0.283567 0.166778 0.052605 0.068850
1 0.125501 0.042447 0.075150 0.056818
1 0.221443 0.027574 0.053607 0.031083
1 0.208918 0.351270 0.041583 0.070187
1 0.335922 0.032587 0.040080 0.039104
1 0.014780 0.527741 0.027555 0.064840
1 0.252255 0.908088 0.060120 0.116979
1 0.195140 0.918282 0.029058 0.047794
1 0.407690 0.334893 0.043337 0.073529
1 0.595065 0.066511 0.020792 0.031417