0 0.195015 0.136029 0.019289 0.022059
0 0.029559 0.112968 0.019038 0.044118
0 0.087801 0.119652 0.015782 0.018048
0 0.032064 0.174632 0.010020 0.017714
0 0.146167 0.149733 0.012275 0.023396
0 0.811247 0.056985 0.040331 0.031083
0 0.790832 0.204880 0.019038 0.022727
0 0.034694 0.509860 0.012275 0.019719
0 0.150802 0.345922 0.011022 0.012032
0 0.111974 0.364639 0.010020 0.014037
0 0.239604 0.449198 0.013778 0.016711
0 0.598697 0.459726 0.014028 0.021056
0 0.850326 0.500836 0.013778 0.010361
1 0.551227 0.134525 0.218186 0.244987
1 0.117360 0.478108 0.133517 0.085896
1 0.269790 0.595588 0.127756 0.140374
1 0.158692 0.670956 0.050852 0.045789
1 0.729208 0.546123 0.182866 0.292781
1 0.975451 0.537767 0.049098 0.153743
1 0.551603 0.335561 0.108717 0.118984
1 0.429108 0.308155 0.037575 0.066845
1 0.072645 0.049298 0.136273 0.081217
1 0.242234 0.034091 0.052605 0.053476
1 0.331037 0.027574 0.078407 0.051136
1 0.404058 0.054813 0.042585 0.050134
1 0.025426 0.315508 0.043337 0.190508
1 0.571393 0.585227 0.061122 0.070187
1 0.925351 0.302807 0.117735 0.207219