0 0.754259 0.367814 0.013527 0.019719
0 0.770792 0.356952 0.014028 0.022059
0 0.853206 0.457219 0.011022 0.018048
0 0.988727 0.357620 0.005511 0.010695
0 0.379760 0.623496 0.017535 0.017045
0 0.689003 0.526404 0.007766 0.014037
0 0.216683 0.872995 0.009018 0.020722
0 0.270917 0.974098 0.007265 0.009024
1 0.042335 0.846257 0.076653 0.093583
1 0.111222 0.727774 0.064128 0.105949
1 0.253632 0.670956 0.098447 0.112634
1 0.693637 0.167781 0.225451 0.334225
1 0.327906 0.099933 0.031563 0.064840
1 0.395541 0.046457 0.051603 0.084893
1 0.402680 0.578376 0.040832 0.034425
1 0.416333 0.785094 0.030060 0.046791
1 0.579158 0.535094 0.055110 0.083556
1 0.762901 0.452540 0.148547 0.096925
1 0.977956 0.228610 0.044088 0.085561
1 0.931237 0.781751 0.019289 0.068850
1 0.115356 0.978944 0.054359 0.042112
1 0.296969 0.967747 0.026804 0.051136
1 0.353332 0.925969 0.035822 0.039104
1 0.486598 0.965074 0.046844 0.065842