0 0.181613 0.200702 0.012024 0.012366
1 0.024048 0.025067 0.045591 0.049465
1 0.259143 0.276070 0.063377 0.074866
1 0.313502 0.248830 0.023798 0.037767
1 0.381388 0.295120 0.041333 0.062834
1 0.441383 0.234291 0.041082 0.081551
1 0.492610 0.200033 0.022295 0.035762
1 0.530060 0.183489 0.028056 0.043449
0 0.800977 0.180816 0.017285 0.022059
1 0.710546 0.157921 0.106463 0.101939
1 0.658066 0.081885 0.026052 0.026070
1 0.631263 0.082386 0.015030 0.027072
1 0.899674 0.102106 0.143036 0.080548
1 0.949524 0.206384 0.100952 0.129345
0 0.884519 0.409425 0.022545 0.019385
1 0.629133 0.422293 0.082916 0.078543
0 0.687249 0.416444 0.058367 0.036096
1 0.057239 0.373329 0.059870 0.080214
1 0.143788 0.452540 0.032565 0.034759
1 0.170341 0.460561 0.013026 0.028075
1 0.835296 0.652908 0.028307 0.028409
1 0.097445 0.841410 0.187375 0.279746
0 0.231212 0.860628 0.014529 0.018048
0 0.300476 0.775568 0.008267 0.017714
0 0.359845 0.767380 0.014780 0.014706
0 0.397670 0.790608 0.008768 0.016377
0 0.374624 0.785428 0.006764 0.012701
0 0.305611 0.826872 0.007515 0.016043
0 0.248121 0.791444 0.005762 0.010695
0 0.244489 0.820187 0.007014 0.014706
0 0.457164 0.806818 0.007515 0.016711
0 0.501002 0.780749 0.011022 0.012032
0 0.535696 0.769886 0.009269 0.015709
0 0.601954 0.771390 0.015030 0.022727
0 0.576528 0.768215 0.009269 0.011698
0 0.682991 0.755682 0.010772 0.022727
0 0.715055 0.777406 0.007265 0.012701
0 0.730461 0.784759 0.011022 0.018717
0 0.761273 0.767213 0.011523 0.015709
0 0.780060 0.799131 0.021042 0.044118
0 0.814254 0.779746 0.011774 0.013369
0 0.847570 0.789606 0.010772 0.019051
0 0.897169 0.789940 0.010772 0.013703
0 0.908066 0.927640 0.011523 0.015040
0 0.951278 0.888035 0.010772 0.020722
0 0.838302 0.993650 0.010772 0.012701
1 0.267285 0.921791 0.215431 0.094920
1 0.646167 0.774231 0.058367 0.063837
1 0.807365 0.896390 0.148297 0.116979
1 0.945266 0.827874 0.060872 0.077540
0 0.933241 0.682821 0.021293 0.017380