0 0.661197 0.267213 0.016784 0.019051
0 0.119739 0.380682 0.020040 0.050134
0 0.159694 0.301303 0.009770 0.011029
0 0.142034 0.562166 0.014529 0.017380
0 0.144038 0.623496 0.012024 0.017714
0 0.742485 0.521390 0.021042 0.015374
0 0.664704 0.517380 0.011273 0.022727
0 0.789704 0.511531 0.016784 0.014372
0 0.846192 0.740475 0.013527 0.017714
0 0.006137 0.821190 0.007766 0.012032
0 0.073397 0.794285 0.008517 0.012366
0 0.449023 0.807152 0.018287 0.017380
0 0.771418 0.874666 0.018788 0.018717
0 0.907440 0.862801 0.014279 0.020388
0 0.447896 0.932988 0.009018 0.017714
0 0.556738 0.857286 0.019289 0.032086
0 0.608592 0.984459 0.012275 0.015709
0 0.583667 0.990642 0.009018 0.014706
0 0.384018 0.975936 0.013527 0.023396
0 0.149800 0.916110 0.014028 0.025401
0 0.227330 0.900234 0.005762 0.015040
1 0.059870 0.124332 0.065130 0.120321
1 0.299098 0.571190 0.191383 0.570187
1 0.065757 0.941511 0.118487 0.116979
1 0.018537 0.441344 0.024048 0.065842
1 0.067761 0.628509 0.090932 0.248329
1 0.498747 0.668616 0.107715 0.201537
1 0.710797 0.398061 0.181112 0.170455
1 0.858091 0.149398 0.283818 0.290775
1 0.913201 0.414104 0.078407 0.091578
1 0.969940 0.536598 0.060120 0.142714
1 0.966683 0.845755 0.066633 0.308489
1 0.803106 0.960561 0.255511 0.078877
1 0.639780 0.648061 0.117735 0.227273
1 0.811748 0.622995 0.159569 0.130348
1 0.494489 0.255348 0.052605 0.118984
1 0.510772 0.520388 0.073647 0.096925
1 0.177104 0.203543 0.052605 0.042112
1 0.144664 0.129011 0.054359 0.053476
1 0.171844 0.064840 0.050100 0.036765
1 0.169714 0.774398 0.074399 0.183824