0 0.101703 0.016377 0.005511 0.008021
0 0.454659 0.242647 0.004509 0.009358
0 0.847320 0.407086 0.011273 0.017380
0 0.864228 0.407420 0.004509 0.008690
0 0.868612 0.421791 0.005762 0.012032
0 0.605336 0.533757 0.150551 0.082219
0 0.751754 0.476939 0.007515 0.009358
0 0.722320 0.604779 0.013277 0.016377
0 0.536573 0.659425 0.008016 0.010027
0 0.519289 0.619652 0.007014 0.010027
0 0.581413 0.615475 0.028056 0.045120
0 0.691383 0.633523 0.013026 0.013703
0 0.901678 0.795120 0.007265 0.011364
0 0.827405 0.710394 0.012024 0.034425
0 0.012400 0.714739 0.019790 0.041778
0 0.048973 0.727941 0.042335 0.031417