0 0.651804 0.171290 0.010521 0.026404
0 0.681989 0.216578 0.026303 0.027406
0 0.704409 0.259024 0.065631 0.034759
0 0.788201 0.173797 0.040832 0.199198
0 0.728332 0.192012 0.038828 0.037767
0 0.813502 0.036598 0.027305 0.037099
0 0.882265 0.038603 0.070140 0.063168
0 0.964053 0.033422 0.014780 0.030749
0 0.935872 0.035929 0.008016 0.016377
0 0.576779 0.224933 0.030311 0.034091
0 0.511273 0.294619 0.022545 0.019051
0 0.347445 0.446357 0.012525 0.020388
0 0.417585 0.453710 0.021543 0.050468
0 0.417836 0.500501 0.050601 0.029078
0 0.513903 0.344084 0.013778 0.018382
0 0.686748 0.453041 0.027806 0.020388
0 0.210797 0.752507 0.011273 0.009693
0 0.276177 0.731952 0.010772 0.010695
0 0.279434 0.754011 0.011273 0.014706
0 0.014905 0.820521 0.016283 0.017380
0 0.037199 0.848095 0.022295 0.016377