0 0.108843 0.077039 0.010772 0.012366
0 0.384770 0.156918 0.015531 0.018382
0 0.614354 0.077874 0.010271 0.016043
0 0.745867 0.252340 0.056864 0.061497
0 0.749875 0.123997 0.015281 0.020053
0 0.805736 0.365976 0.014780 0.020053
0 0.848823 0.422794 0.014279 0.016043
0 0.838928 0.467914 0.020541 0.025401
0 0.868487 0.542614 0.024048 0.047794
0 0.909820 0.544619 0.020541 0.025067
0 0.947019 0.558656 0.039329 0.037767
0 0.655937 0.680648 0.013277 0.017045
0 0.695516 0.717747 0.022295 0.034425
0 0.792335 0.846591 0.012525 0.017380
0 0.818637 0.750836 0.014028 0.023730
0 0.897420 0.767547 0.008768 0.015040
0 0.054484 0.837567 0.021794 0.052807
0 0.039203 0.737634 0.017285 0.020053
0 0.422595 0.842079 0.014028 0.015709
1 0.537826 0.464238 0.109719 0.775401
1 0.694514 0.455381 0.173597 0.271725
1 0.281062 0.727273 0.165331 0.267380
1 0.432866 0.691511 0.135271 0.111631
1 0.900802 0.206885 0.181864 0.374332
1 0.122244 0.766210 0.105210 0.109291
1 0.901553 0.655414 0.196894 0.090241