0 0.988226 0.613135 0.005010 0.010361
0 0.985095 0.529412 0.003257 0.010027
0 0.720441 0.791444 0.011022 0.014706
0 0.881764 0.711898 0.060621 0.063503
0 0.929734 0.655247 0.049850 0.045120
0 0.951904 0.717580 0.012525 0.028075
0 0.975827 0.641711 0.011774 0.021390
0 0.974449 0.674632 0.010521 0.015709
0 0.831538 0.723429 0.010271 0.055816
0 0.664078 0.854779 0.015030 0.025067
0 0.796844 0.843249 0.039579 0.153743
0 0.674474 0.903910 0.009269 0.011029
0 0.687375 0.890374 0.008517 0.012032
0 0.698898 0.904245 0.009018 0.012366
0 0.694138 0.930481 0.007515 0.014037
0 0.589554 0.909258 0.024800 0.025735
0 0.522169 0.978610 0.014780 0.016043
0 0.567635 0.935328 0.007515 0.011698
0 0.563126 0.965909 0.007014 0.010027