0 0.219314 0.251504 0.013778 0.011029
0 0.771293 0.363302 0.025551 0.032086
0 0.606087 0.343750 0.008267 0.014372
0 0.449900 0.390541 0.018537 0.016377
0 0.555736 0.472594 0.008267 0.009358
0 0.426979 0.589739 0.032315 0.045789
0 0.228958 0.804311 0.009519 0.014372
1 0.344188 0.921457 0.127756 0.157086
1 0.074524 0.980615 0.110972 0.038770
1 0.057365 0.897560 0.071643 0.069184
1 0.354960 0.806818 0.132766 0.070187
1 0.426854 0.753844 0.107715 0.097928
1 0.479459 0.854779 0.037575 0.047794
1 0.188126 0.810160 0.057615 0.068182
1 0.184243 0.918783 0.031814 0.048797
1 0.421468 0.451872 0.031814 0.040107
1 0.507014 0.646892 0.046092 0.031083
1 0.075651 0.482620 0.030060 0.032086
1 0.218938 0.521056 0.029058 0.031417
1 0.934494 0.141711 0.045842 0.098930
1 0.893287 0.026404 0.095190 0.048797
1 0.968312 0.289439 0.031814 0.040107
1 0.858592 0.079211 0.029309 0.043449
1 0.844314 0.131183 0.020792 0.024398