0 0.419589 0.197360 0.010020 0.013035
0 0.398547 0.277239 0.020541 0.035762
0 0.279434 0.333890 0.007265 0.014037
0 0.311748 0.393048 0.011774 0.013369
0 0.021418 0.481785 0.011273 0.029746
0 0.036698 0.549298 0.014780 0.023730
0 0.453282 0.500836 0.019289 0.027072
0 0.881012 0.580047 0.030561 0.033757
0 0.917084 0.592079 0.012024 0.013035
0 0.829785 0.669619 0.011774 0.013035
0 0.410321 0.675969 0.018537 0.053142
1 0.177981 0.517714 0.227204 0.305481
1 0.661448 0.472092 0.342435 0.329880
1 0.614729 0.668115 0.350701 0.044786
1 0.380511 0.366143 0.106212 0.111297
1 0.375877 0.543282 0.098447 0.149398