0 0.339053 0.009860 0.018788 0.015709
0 0.518161 0.083556 0.010271 0.022727
0 0.829910 0.026404 0.043587 0.041444
0 0.939504 0.366811 0.011774 0.023730
0 0.772295 0.418951 0.021042 0.037099
0 0.436373 0.309492 0.043587 0.033422
0 0.108717 0.528409 0.011523 0.014037
1 0.182365 0.894385 0.087675 0.113636
1 0.592560 0.456885 0.067886 0.122995
1 0.616859 0.548797 0.036824 0.043449
1 0.652179 0.499332 0.042335 0.042781
1 0.678106 0.546624 0.042585 0.069184
1 0.760521 0.500668 0.032064 0.040775
1 0.050476 0.071524 0.088427 0.128342
1 0.245867 0.154078 0.153557 0.304144
1 0.694890 0.275401 0.416834 0.235294
1 0.669464 0.082052 0.248747 0.151404
1 0.397545 0.114472 0.057615 0.209559
1 0.467184 0.056484 0.058617 0.093583
1 0.914579 0.076036 0.094188 0.139372
1 0.976703 0.334559 0.046593 0.284091
1 0.369489 0.458556 0.033567 0.040107