0 0.531062 0.161765 0.018036 0.018048
0 0.579785 0.109124 0.016784 0.021056
0 0.764279 0.036096 0.013527 0.018048
0 0.912575 0.165107 0.024549 0.032086
0 0.835546 0.399064 0.021293 0.029412
0 0.603958 0.348429 0.015531 0.015709
0 0.476829 0.331049 0.012776 0.020388
0 0.970817 0.542948 0.013277 0.019719
0 0.590306 0.523730 0.012776 0.016711
0 0.287700 0.615307 0.015281 0.019385
0 0.371368 0.563503 0.012275 0.021390
0 0.132390 0.774398 0.015281 0.014706
0 0.375877 0.663603 0.011273 0.017045
1 0.041959 0.085394 0.075902 0.111297
1 0.165080 0.230949 0.180361 0.137032
1 0.152179 0.098763 0.070892 0.109291
1 0.259895 0.026404 0.064379 0.046791
1 0.322896 0.101103 0.100200 0.104612
1 0.119489 0.569017 0.232966 0.196190
1 0.202154 0.423630 0.102705 0.134693
1 0.448146 0.078710 0.085170 0.156083
1 0.027806 0.838570 0.047595 0.322861
1 0.654810 0.042112 0.176353 0.060160
1 0.626503 0.277574 0.132766 0.085896
1 0.878131 0.510361 0.073397 0.110294
1 0.973697 0.029746 0.052605 0.046791
1 0.914078 0.094418 0.083667 0.069184
1 0.967936 0.233623 0.061122 0.084893
1 0.967059 0.397393 0.065882 0.178476
1 0.609218 0.426303 0.270541 0.095922
1 0.218061 0.736631 0.120992 0.118984
1 0.361723 0.730448 0.106212 0.071190
1 0.496618 0.693850 0.078407 0.080214