0 0.062625 0.240642 0.009018 0.013369
0 0.182615 0.267881 0.019539 0.015709
0 0.389404 0.096758 0.016283 0.021725
0 0.438878 0.193182 0.016032 0.017380
0 0.437751 0.153409 0.010271 0.010027
0 0.735095 0.196357 0.010271 0.011029
0 0.784319 0.368817 0.012525 0.017045
0 0.250251 0.753509 0.011022 0.029078
0 0.217310 0.782253 0.009770 0.018382
0 0.307615 0.799131 0.028056 0.041444
0 0.406187 0.852774 0.012776 0.014372
0 0.782941 0.987968 0.008267 0.019385
0 0.844815 0.992647 0.019289 0.014706
0 0.641533 0.949031 0.016533 0.031083
0 0.545090 0.917279 0.017535 0.016377
0 0.582665 0.942179 0.010020 0.016043
0 0.613226 0.948864 0.009519 0.011364
1 0.259394 0.916444 0.244739 0.167112
1 0.453031 0.947193 0.129509 0.105615
1 0.716934 0.945521 0.087675 0.108957
1 0.153307 0.744987 0.089178 0.195856
1 0.086047 0.977774 0.106964 0.044452