0 0.242610 0.314840 0.007766 0.010695
0 0.713552 0.504345 0.008267 0.013369
0 0.663452 0.625836 0.030311 0.023061
0 0.640155 0.661932 0.015782 0.021056
0 0.701779 0.689171 0.009770 0.015374
0 0.343938 0.628342 0.008016 0.010027
0 0.245491 0.576370 0.031062 0.033088
0 0.326027 0.764706 0.020792 0.022059
0 0.464429 0.780582 0.018537 0.017045
0 0.529935 0.770053 0.029810 0.014037
1 0.220190 0.684325 0.131764 0.139372
1 0.480711 0.644719 0.238978 0.162433
1 0.653933 0.803476 0.181112 0.088235
1 0.770792 0.614639 0.082665 0.115642
1 0.794213 0.502172 0.055862 0.055816
1 0.714930 0.244151 0.034068 0.047794