0 0.059494 0.377340 0.028307 0.022727
0 0.189254 0.502674 0.008267 0.018717
0 0.205536 0.513870 0.016283 0.025735
0 0.248372 0.504512 0.011273 0.017714
0 0.481713 0.485127 0.054609 0.024398
0 0.653682 0.402908 0.012275 0.011698
0 0.640531 0.516043 0.008517 0.010695
0 0.659820 0.517714 0.011523 0.020053
0 0.662450 0.542112 0.013778 0.012701
0 0.745867 0.534425 0.011273 0.016711
0 0.779434 0.537934 0.009269 0.013703
0 0.823397 0.447360 0.017535 0.021725
0 0.638402 0.678476 0.010772 0.014706
0 0.423973 0.629345 0.018287 0.018717
0 0.277680 0.578209 0.010271 0.012701
0 0.256137 0.559993 0.010271 0.013703
0 0.505511 0.745655 0.008517 0.012032
0 0.767535 0.695187 0.028056 0.030749
0 0.959419 0.724265 0.025050 0.038102
0 0.639654 0.841912 0.018287 0.023396
0 0.154058 0.884693 0.021543 0.018048
1 0.045341 0.596257 0.080160 0.125668
1 0.036072 0.694352 0.066633 0.079211
1 0.133267 0.761197 0.097695 0.146056
1 0.088302 0.960561 0.074399 0.078877
1 0.261523 0.968917 0.073647 0.062166
1 0.515782 0.963235 0.182866 0.073529
1 0.393913 0.910929 0.065882 0.049131
1 0.113352 0.473763 0.109469 0.112634
1 0.865230 0.624164 0.095190 0.234960
1 0.925977 0.502005 0.148046 0.294118
1 0.739604 0.427473 0.104459 0.120321
1 0.353833 0.648563 0.099449 0.126003
1 0.508267 0.419285 0.247996 0.065842
1 0.581288 0.556651 0.078407 0.111297
1 0.248622 0.625836 0.060872 0.084559
1 0.583041 0.715408 0.048347 0.074532
1 0.720316 0.755515 0.030812 0.054479
1 0.826904 0.855281 0.045090 0.051471
1 0.986473 0.817848 0.027054 0.070187
1 0.698647 0.606283 0.127756 0.056818