0 0.238477 0.241811 0.036072 0.042447
0 0.166834 0.173797 0.010020 0.025401
0 0.440130 0.157754 0.014529 0.015374
0 0.793462 0.251337 0.010772 0.019385
0 0.935371 0.058489 0.024549 0.033422
0 0.766909 0.416945 0.018788 0.022393
0 0.877505 0.362634 0.007014 0.073529
0 0.885020 0.657921 0.026052 0.033088
0 0.592184 0.672126 0.009519 0.013369
0 0.304484 0.658088 0.015281 0.025401
0 0.773171 0.767380 0.012275 0.014706
1 0.744865 0.544452 0.473697 0.138369
1 0.456037 0.718249 0.204659 0.095588
1 0.083542 0.190842 0.129509 0.170455
1 0.454284 0.277072 0.095942 0.060160
1 0.272545 0.541611 0.170341 0.159425
1 0.640656 0.191344 0.090932 0.158088
1 0.667460 0.743316 0.141032 0.078877
1 0.728457 0.654746 0.227956 0.086898
1 0.470691 0.712567 0.132265 0.140374
1 0.118988 0.436330 0.083667 0.091243
1 0.124374 0.569017 0.075902 0.111297
1 0.918337 0.275902 0.145291 0.077874