0 0.668838 0.359291 0.053607 0.067513
0 0.773171 0.532086 0.011273 0.018048
0 0.729459 0.474265 0.013527 0.017380
0 0.757515 0.574699 0.012525 0.026404
0 0.868111 0.671123 0.040331 0.046791
0 0.789454 0.646557 0.020792 0.042447
0 0.834043 0.653242 0.017285 0.028409
0 0.614479 0.818349 0.022044 0.042447
0 0.573272 0.778743 0.012776 0.018717
0 0.708166 0.945187 0.020040 0.018717
0 0.341809 0.925468 0.013778 0.017380
1 0.051102 0.839071 0.098697 0.160094
1 0.476077 0.443516 0.209669 0.604947
1 0.845691 0.330548 0.299098 0.369652
1 0.205411 0.815174 0.134269 0.258690
1 0.480586 0.876504 0.165581 0.158088
1 0.858216 0.859124 0.264028 0.219586