0 0.644664 0.408590 0.039329 0.046457
0 0.589178 0.125000 0.007014 0.010695
0 0.983717 0.278576 0.015531 0.018382
0 0.022545 0.266043 0.017034 0.023396
0 0.147670 0.177306 0.008267 0.008356
1 0.171969 0.039773 0.010772 0.014037
1 0.131263 0.251003 0.023046 0.027406
1 0.029935 0.362299 0.010772 0.025401
1 0.052981 0.277406 0.007766 0.012032
1 0.355085 0.363135 0.025301 0.044452
0 0.612350 0.308489 0.012275 0.016043
0 0.578783 0.481785 0.027305 0.035762
0 0.576027 0.514205 0.023297 0.023061
0 0.632390 0.535929 0.013277 0.020388
0 0.638026 0.503175 0.010020 0.021725
0 0.837675 0.450033 0.010521 0.012366
0 0.911698 0.522226 0.010271 0.017045
0 0.711047 0.435160 0.017285 0.020722
0 0.590807 0.438001 0.022295 0.025067
0 0.379760 0.521056 0.022545 0.024064
0 0.527054 0.394218 0.017535 0.015709
1 0.014279 0.715074 0.027054 0.047794
0 0.341433 0.551303 0.037575 0.052473
0 0.323397 0.591912 0.046593 0.024064
0 0.638151 0.816511 0.021794 0.036765
0 0.853707 0.782420 0.017034 0.038102
0 0.994364 0.749833 0.011273 0.018382
0 0.845817 0.693015 0.013277 0.017045
0 0.733968 0.667781 0.013026 0.016711
0 0.984218 0.692179 0.009018 0.010027
0 0.336548 0.761197 0.012776 0.018382
0 0.369739 0.756350 0.011022 0.009358
0 0.393287 0.767213 0.019038 0.023730
0 0.466558 0.792781 0.013277 0.010695
0 0.713051 0.640709 0.016784 0.025401
0 0.683993 0.662600 0.013277 0.023730
0 0.492485 0.644385 0.010020 0.013369
0 0.948146 0.654245 0.014028 0.012366
0 0.422971 0.475936 0.013277 0.011364
1 0.168712 0.699866 0.249749 0.302139
1 0.445892 0.676471 0.067635 0.110294
1 0.733843 0.548797 0.127004 0.127005