1 0.539078 0.193015 0.016032 0.013035
1 0.703156 0.321190 0.033567 0.042781
0 0.604835 0.456384 0.013778 0.013035
0 0.493362 0.449198 0.013778 0.015374
0 0.387275 0.631183 0.026052 0.015709
0 0.405060 0.655916 0.034068 0.028409
0 0.323021 0.505682 0.010271 0.012032
0 0.333793 0.472761 0.010772 0.017045
0 0.357841 0.561999 0.019790 0.018382
0 0.373873 0.550969 0.024299 0.015709
0 0.387275 0.597259 0.017535 0.016711
0 0.506889 0.595421 0.027806 0.035762
0 0.240982 0.785094 0.044088 0.040107
0 0.296343 0.756684 0.065130 0.032754
0 0.314629 0.723596 0.032064 0.032754
0 0.356338 0.706384 0.036323 0.044452
0 0.231212 0.832721 0.021042 0.019051
0 0.354584 0.830214 0.015782 0.014037
0 0.364228 0.777239 0.011523 0.019051
1 0.365731 0.926136 0.157816 0.103610
1 0.218312 0.593583 0.121994 0.274064
1 0.415832 0.492146 0.059118 0.084559