0 0.329785 0.161096 0.015782 0.020722
0 0.774800 0.189672 0.018537 0.027072
0 0.659569 0.355615 0.014028 0.012701
0 0.856087 0.413436 0.010772 0.017380
0 0.787951 0.369652 0.014780 0.014706
0 0.914078 0.304980 0.008517 0.009024
0 0.991984 0.430648 0.008517 0.014372
0 0.545967 0.486464 0.007766 0.010361
0 0.656313 0.461397 0.008517 0.012366
0 0.250752 0.389873 0.009018 0.015040
0 0.322270 0.399566 0.009770 0.013703
0 0.294464 0.406918 0.014780 0.020388
0 0.249875 0.469586 0.022295 0.014706
0 0.010396 0.536765 0.009770 0.014706
0 0.041708 0.530916 0.035321 0.041110
0 0.089178 0.511364 0.009519 0.012701
0 0.620867 0.619652 0.011774 0.022059
0 0.698522 0.524566 0.014780 0.015040
0 0.670591 0.595922 0.012525 0.018048
0 0.784193 0.516878 0.007265 0.013035
0 0.784820 0.542279 0.009519 0.015040
0 0.797720 0.542279 0.008768 0.013035
0 0.940757 0.570187 0.043838 0.028075
0 0.809619 0.657754 0.014028 0.012032
0 0.519414 0.598095 0.009269 0.014372
0 0.476703 0.571858 0.009519 0.016711
0 0.148923 0.703710 0.010271 0.014372
1 0.289955 0.589572 0.308868 0.152406
1 0.302856 0.098262 0.132766 0.076872
1 0.101202 0.258021 0.058617 0.073529
1 0.621869 0.680983 0.249749 0.061163
1 0.325025 0.702707 0.288828 0.062500
1 0.557991 0.386364 0.158567 0.160428
1 0.376754 0.482620 0.135271 0.074866
1 0.752129 0.453209 0.099449 0.073529
1 0.748246 0.585060 0.085170 0.061163
1 0.904684 0.059826 0.190631 0.118316
1 0.573021 0.156751 0.048347 0.071524
1 0.704409 0.277574 0.047595 0.052473
1 0.843061 0.322694 0.055862 0.084559
1 0.980210 0.518215 0.039579 0.052473