0 0.167209 0.083723 0.025802 0.030414
0 0.224699 0.149064 0.010521 0.016043
0 0.225576 0.278242 0.012275 0.025067
0 0.372495 0.186832 0.019038 0.021390
0 0.820892 0.317848 0.020040 0.021390
0 0.645291 0.386197 0.011523 0.013035
0 0.005261 0.479111 0.010020 0.027072
0 0.066007 0.418783 0.011774 0.008690
0 0.268913 0.463570 0.014279 0.020053
0 0.256263 0.435829 0.006513 0.023396
0 0.665080 0.497995 0.018036 0.029412
0 0.687375 0.559325 0.022044 0.021056
0 0.255386 0.536263 0.009770 0.021056
0 0.106087 0.677640 0.015782 0.019719
0 0.220316 0.630348 0.007265 0.011364
0 0.526052 0.725434 0.013527 0.015040
0 0.212801 0.838737 0.022796 0.024398
0 0.074524 0.945521 0.021293 0.024064
0 0.171593 0.924799 0.012024 0.014037
0 0.846693 0.835729 0.013527 0.017714
0 0.870115 0.871658 0.031313 0.030749
0 0.331789 0.868316 0.015281 0.040107
0 0.322144 0.913937 0.013026 0.028409
0 0.364729 0.971257 0.016533 0.022059
1 0.073898 0.191678 0.147295 0.382687
1 0.156688 0.488803 0.123497 0.129345
1 0.137525 0.616310 0.121743 0.072193
1 0.269038 0.744318 0.236473 0.123663
1 0.250125 0.028576 0.208667 0.056484
1 0.333292 0.106618 0.156062 0.086898
1 0.300351 0.283757 0.101703 0.254011
1 0.565882 0.035929 0.300601 0.054479
1 0.069514 0.789439 0.136022 0.165107
1 0.617986 0.618984 0.094188 0.173797
1 0.532440 0.199699 0.213677 0.119318
1 0.554484 0.360628 0.144539 0.187166
1 0.748246 0.427975 0.141283 0.157420
1 0.931613 0.596257 0.136774 0.495989
1 0.502380 0.639037 0.121994 0.093583
1 0.481087 0.913102 0.219689 0.173797
1 0.034444 0.613469 0.064379 0.069184
1 0.719188 0.832553 0.087675 0.123663
1 0.791333 0.695354 0.061623 0.099265
1 0.628883 0.984459 0.049349 0.031083
1 0.787074 0.988302 0.155311 0.023396
1 0.968312 0.945521 0.063377 0.108957
1 0.799349 0.094418 0.077655 0.062500
1 0.761147 0.273396 0.068387 0.139037
1 0.352455 0.553476 0.139279 0.240642
1 0.460671 0.765709 0.093687 0.123663
1 0.175100 0.978944 0.319138 0.042112
1 0.240230 0.751003 0.145291 0.090241