1 0.463427 0.066009 0.009018 0.014372
0 0.628006 0.062834 0.008517 0.012701
0 0.679734 0.025735 0.012275 0.015374
1 0.778056 0.301638 0.043086 0.041110
0 0.351578 0.360628 0.015281 0.019385
1 0.100701 0.293115 0.133768 0.095588
1 0.042335 0.376337 0.084168 0.075535
1 0.101077 0.361464 0.031313 0.029746
1 0.118362 0.408924 0.017786 0.015040
1 0.271042 0.335729 0.016032 0.035762
1 0.496493 0.363302 0.037074 0.027406
1 0.208292 0.450535 0.112976 0.074198
0 0.992610 0.611965 0.014780 0.067513
0 0.568888 0.445020 0.033066 0.038436
0 0.500376 0.525234 0.026804 0.058489
0 0.509644 0.472426 0.030311 0.029746
0 0.560746 0.535762 0.012275 0.022727
0 0.553732 0.564171 0.016283 0.017380
0 0.311623 0.555648 0.018537 0.023730
0 0.279183 0.580214 0.042335 0.050134
1 0.120616 0.638369 0.238226 0.204545
0 0.260145 0.619151 0.037325 0.024398
0 0.420466 0.670956 0.011774 0.019719
0 0.634018 0.669285 0.014028 0.021725
0 0.656688 0.693015 0.013277 0.016377
0 0.759394 0.644051 0.036323 0.043449
0 0.767285 0.716243 0.012024 0.020053
0 0.917710 0.768717 0.011774 0.018048
0 0.773046 0.804479 0.019038 0.044118
0 0.564379 0.833723 0.021543 0.037099
0 0.398422 0.808656 0.015281 0.013035
0 0.326779 0.789271 0.019790 0.033757
0 0.273798 0.778743 0.015531 0.023396
0 0.304985 0.774231 0.009269 0.013703
1 0.144915 0.815842 0.238226 0.144385
1 0.392410 0.831384 0.261273 0.058489
1 0.407690 0.725936 0.177605 0.084225
0 0.357465 0.609291 0.013026 0.018717
0 0.451403 0.430648 0.020541 0.015709
0 0.967059 0.690508 0.017285 0.018717