0 0.722821 0.494987 0.026804 0.017380
0 0.968687 0.521390 0.021543 0.034759
0 0.080661 0.544619 0.007515 0.007019
0 0.318888 0.502005 0.016533 0.011364
0 0.855085 0.444686 0.012275 0.019051
0 0.459544 0.459559 0.011273 0.016711
0 0.760145 0.563670 0.016283 0.011698
0 0.161323 0.784425 0.017034 0.029412
0 0.498747 0.327373 0.013527 0.019051
1 0.072395 0.609626 0.075150 0.052139
1 0.464053 0.623496 0.091934 0.104612
1 0.555862 0.882019 0.076653 0.104947
1 0.286197 0.322694 0.108467 0.111297
1 0.410195 0.205715 0.074399 0.091243
1 0.605962 0.282086 0.145291 0.225936
1 0.595566 0.536765 0.174599 0.240642
1 0.806363 0.286096 0.123747 0.207219
1 0.777931 0.044285 0.127004 0.084559
1 0.585922 0.742814 0.026553 0.031083
1 0.777931 0.895388 0.028307 0.068850
1 0.858968 0.615140 0.131764 0.128008
1 0.980461 0.636865 0.039078 0.049131