0 0.187876 0.117981 0.017535 0.032086
0 0.502630 0.499833 0.007766 0.017714
0 0.143913 0.662266 0.009269 0.019051
0 0.260145 0.618148 0.007265 0.013703
0 0.344439 0.626671 0.009018 0.015374
0 0.006012 0.752340 0.011022 0.016043
0 0.511398 0.829044 0.008768 0.017714
0 0.160696 0.904913 0.008267 0.011698
0 0.486097 0.940842 0.014279 0.020722
0 0.065381 0.955381 0.006513 0.015040
0 0.084795 0.973930 0.016283 0.018048
1 0.063627 0.804646 0.090180 0.221591
1 0.167084 0.834726 0.123747 0.079211
1 0.342811 0.859124 0.075902 0.139372
1 0.321142 0.687667 0.121242 0.074532
1 0.650551 0.957219 0.131764 0.085561
1 0.436874 0.724432 0.065130 0.119318
1 0.557866 0.818015 0.040080 0.059158
1 0.544464 0.353443 0.086924 0.087901
1 0.647545 0.308155 0.042585 0.060160
1 0.732340 0.380180 0.081914 0.119318
1 0.408442 0.447025 0.046844 0.059158
1 0.307365 0.591243 0.038577 0.073529