0 0.145541 0.169619 0.012024 0.013703
0 0.909945 0.451370 0.015281 0.021056
0 0.355586 0.575702 0.004760 0.006350
0 0.427981 0.626170 0.008768 0.007687
0 0.477580 0.540441 0.012275 0.011364
0 0.739604 0.540608 0.011273 0.014372
0 0.747996 0.593249 0.009018 0.007353
0 0.816884 0.612467 0.010020 0.011698
0 0.900050 0.729111 0.008517 0.008356
0 0.605210 0.638369 0.009018 0.020053
0 0.284569 0.743817 0.015030 0.023061
0 0.308241 0.819017 0.010772 0.015709
0 0.817260 0.847426 0.006764 0.011029
0 0.137901 0.787433 0.013778 0.016711
1 0.063252 0.665274 0.109469 0.128008
1 0.240982 0.538937 0.182866 0.325201
1 0.564128 0.943850 0.839178 0.112299
1 0.559118 0.827874 0.433367 0.143717
1 0.808492 0.732286 0.127004 0.163770
1 0.916959 0.654746 0.066884 0.120321
1 0.677355 0.661932 0.066633 0.054479
1 0.597194 0.713235 0.033567 0.054813