0 0.375877 0.194017 0.016784 0.019051
0 0.040832 0.411430 0.012525 0.022727
0 0.682114 0.669118 0.015531 0.017380
0 0.189504 0.718416 0.008768 0.013703
0 0.155311 0.793783 0.024048 0.050802
0 0.174850 0.962567 0.013026 0.018717
0 0.254509 0.919619 0.007014 0.011698
0 0.345316 0.837567 0.009770 0.013369
0 0.755636 0.905247 0.019790 0.018382
0 0.680361 0.899231 0.009519 0.015709
0 0.801728 0.896892 0.020291 0.023061
1 0.870240 0.512701 0.259519 0.389037
1 0.020666 0.520388 0.036824 0.083556
1 0.025676 0.651404 0.046844 0.108957
1 0.091057 0.548295 0.091934 0.087901
1 0.173722 0.551136 0.053357 0.044786
1 0.209168 0.617981 0.062625 0.038102
1 0.204659 0.102273 0.063627 0.080214
1 0.359218 0.271557 0.030060 0.136029
1 0.546092 0.058824 0.040080 0.040107
1 0.344940 0.041444 0.048597 0.036765
1 0.293211 0.142881 0.026804 0.034425
1 0.092435 0.951537 0.077655 0.096925
1 0.361222 0.957721 0.146293 0.084559
1 0.590807 0.925969 0.141032 0.148061
1 0.714429 0.787767 0.186373 0.163770
1 0.936373 0.871491 0.127255 0.228275
1 0.798722 0.968249 0.139529 0.063503