0 0.208667 0.244318 0.103206 0.098930
0 0.307866 0.164439 0.160321 0.074198
0 0.399048 0.114305 0.046593 0.056818
0 0.400676 0.063837 0.008768 0.012701
0 0.508267 0.056150 0.024549 0.016043
0 0.546593 0.066678 0.010020 0.013703
0 0.578031 0.049131 0.012776 0.012032
0 0.595691 0.057988 0.007515 0.011029
0 0.708292 0.071357 0.030812 0.033088
0 0.836298 0.099599 0.041333 0.020053
0 0.873873 0.156584 0.019790 0.029746
0 0.891032 0.385361 0.076152 0.178476
0 0.019414 0.303810 0.020291 0.017380
0 0.048722 0.326537 0.011774 0.017380
0 0.094063 0.363469 0.018788 0.017714
0 0.977455 0.576370 0.039579 0.051136
0 0.887400 0.661096 0.039830 0.062834
0 0.784319 0.806484 0.083667 0.086230
0 0.845190 0.737467 0.108216 0.061163
0 0.732214 0.887533 0.025551 0.048463
0 0.688001 0.915107 0.029309 0.021390
0 0.973196 0.970087 0.032064 0.029078
1 0.975326 0.991979 0.049349 0.016043
0 0.934243 0.267045 0.083417 0.050134
0 0.692510 0.217413 0.008768 0.011029
0 0.717059 0.238302 0.009770 0.011364
0 0.294589 0.357955 0.011022 0.010695