0 0.039203 0.078209 0.006764 0.014706
0 0.230210 0.077373 0.030060 0.033757
0 0.210045 0.162600 0.007766 0.009024
0 0.281688 0.131016 0.007766 0.015374
0 0.695391 0.068349 0.016032 0.019719
0 0.907189 0.049131 0.037325 0.068182
0 0.711673 0.331049 0.011523 0.014372
0 0.934369 0.368817 0.009519 0.013035
0 0.473823 0.281083 0.034319 0.031417
0 0.063126 0.355782 0.025551 0.014372
0 0.120491 0.476604 0.010521 0.007353
0 0.129384 0.462233 0.014279 0.012701
0 0.639028 0.416110 0.007515 0.012032
0 0.607089 0.574365 0.007265 0.009693
0 0.472069 0.634860 0.009269 0.013035
0 0.330035 0.460394 0.006764 0.017714
0 0.193387 0.779078 0.009519 0.007353
0 0.747370 0.798128 0.029309 0.018048
0 0.738477 0.764873 0.009519 0.009024
0 0.692761 0.734793 0.008768 0.009024
0 0.547720 0.758189 0.010271 0.016377
0 0.078657 0.850936 0.008016 0.010027
0 0.397295 0.967747 0.009519 0.017714
1 0.493236 0.117146 0.357214 0.208222
1 0.079158 0.713904 0.145291 0.220588
1 0.099950 0.939840 0.188878 0.120321
1 0.436498 0.756684 0.157064 0.155080
1 0.325902 0.582386 0.225451 0.164773
1 0.597194 0.304479 0.143788 0.143717
1 0.806864 0.140040 0.145291 0.218583
1 0.922345 0.482119 0.122745 0.151404
1 0.971443 0.067012 0.057114 0.101270
1 0.759143 0.673630 0.153557 0.071190
1 0.248998 0.355615 0.116733 0.219251
1 0.450526 0.405749 0.089429 0.141711