0 0.074399 0.039606 0.010521 0.018382
0 0.238727 0.161598 0.015030 0.019719
0 0.238853 0.028910 0.015782 0.017714
0 0.736097 0.130180 0.033818 0.028409
0 0.880887 0.361130 0.015281 0.013703
0 0.374123 0.288436 0.016784 0.022727
0 0.258392 0.160595 0.009770 0.019051
0 0.483216 0.305481 0.009018 0.012701
0 0.120992 0.563336 0.015030 0.027741
0 0.614729 0.869151 0.014028 0.017714
0 0.934619 0.957386 0.012024 0.017714
0 0.718562 0.937500 0.015281 0.017380
1 0.151177 0.113803 0.115982 0.206217
1 0.507390 0.136698 0.367485 0.238636
1 0.093562 0.694352 0.105962 0.128008
1 0.227956 0.419118 0.134269 0.130348
1 0.038452 0.367313 0.074399 0.267380
1 0.639404 0.523730 0.086924 0.116979
1 0.836423 0.582386 0.105210 0.151404
1 0.771794 0.046959 0.119238 0.067848
1 0.843687 0.320521 0.047595 0.111631
1 0.947144 0.331049 0.077655 0.201537
1 0.702029 0.821357 0.128507 0.152741
1 0.529058 0.767213 0.058617 0.084559
1 0.885271 0.811832 0.117735 0.182487
1 0.422595 0.854111 0.107715 0.082553
1 0.568011 0.965074 0.059369 0.065842
1 0.752630 0.976103 0.236222 0.047794