0 0.032440 0.138536 0.012275 0.011029
0 0.076904 0.050635 0.007515 0.011698
0 0.210546 0.257186 0.007265 0.011698
0 0.368612 0.030582 0.043838 0.047126
0 0.373873 0.271056 0.019289 0.018048
0 0.739228 0.412600 0.007515 0.011698
0 0.905185 0.427807 0.012275 0.021390
0 0.254634 0.347259 0.011273 0.020053
0 0.906814 0.524733 0.017034 0.015374
0 0.944264 0.504512 0.010271 0.014372
0 0.017660 0.876003 0.016784 0.016043
0 0.342811 0.846758 0.011273 0.013703
0 0.108342 0.948864 0.017786 0.021390
0 0.132390 0.952874 0.009770 0.011364
0 0.067761 0.965909 0.011774 0.012032
1 0.860471 0.166110 0.047595 0.056818
1 0.347445 0.358456 0.060120 0.075869
1 0.039704 0.662600 0.044339 0.071190
1 0.113978 0.450368 0.067635 0.079211
1 0.227580 0.026905 0.034319 0.045789
1 0.289830 0.141711 0.050100 0.063503
1 0.644289 0.358957 0.042585 0.068182
1 0.958918 0.313837 0.082164 0.332219
1 0.761147 0.661932 0.054359 0.065842
1 0.790832 0.776738 0.045090 0.061497
1 0.877630 0.813001 0.031814 0.044452
1 0.769539 0.935495 0.027555 0.040107
1 0.970190 0.599098 0.059619 0.109291