0 0.183617 0.260528 0.015531 0.015040
0 0.215807 0.276237 0.016283 0.025735
0 0.720316 0.027741 0.011774 0.023396
0 0.784068 0.069853 0.022044 0.048797
0 0.740982 0.153743 0.013527 0.014037
0 0.874624 0.052473 0.019289 0.020053
0 0.902430 0.113803 0.007265 0.011029
0 0.066759 0.412266 0.010271 0.017045
0 0.846819 0.449866 0.017285 0.016043
0 0.915331 0.412600 0.011022 0.016377
0 0.935371 0.564505 0.043587 0.070856
0 0.985471 0.615307 0.015531 0.013369
0 0.660195 0.610127 0.019790 0.029078
0 0.691383 0.646056 0.010020 0.018717
0 0.491608 0.638870 0.012776 0.014372
0 0.534694 0.696357 0.012275 0.013703
0 0.612350 0.739639 0.007766 0.030749
0 0.646668 0.727106 0.022796 0.021056
0 0.675977 0.746992 0.017786 0.026070
0 0.717184 0.741811 0.008016 0.015709
0 0.956288 0.792948 0.014279 0.023061
0 0.229584 0.807821 0.015281 0.014706
1 0.483216 0.261029 0.429359 0.491310
1 0.124499 0.234291 0.082665 0.290775
1 0.028557 0.415775 0.047595 0.417781
1 0.092435 0.725434 0.055110 0.074532
1 0.444013 0.854779 0.248747 0.179479
1 0.694514 0.894886 0.153557 0.201537
1 0.768287 0.570020 0.092685 0.263035
1 0.782064 0.308155 0.105210 0.207219
1 0.935746 0.268717 0.116984 0.197193
1 0.880636 0.719418 0.093437 0.182821