0 0.239604 0.225769 0.013277 0.019051
0 0.058116 0.134525 0.007515 0.011698
0 0.600451 0.408757 0.016032 0.018717
0 0.220691 0.439505 0.013527 0.010027
0 0.043838 0.433489 0.015531 0.019385
0 0.044840 0.380180 0.006513 0.021725
0 0.739479 0.471591 0.008517 0.012701
1 0.068637 0.559993 0.103707 0.156083
1 0.409319 0.645388 0.101703 0.103610
1 0.524173 0.806818 0.159569 0.168449
1 0.663577 0.773897 0.056112 0.071190
1 0.589679 0.967747 0.060120 0.064505
1 0.907816 0.855281 0.076653 0.078209
1 0.325902 0.375668 0.145291 0.135027
1 0.528307 0.417447 0.072645 0.053476
1 0.578407 0.526070 0.106212 0.103610
1 0.655185 0.460896 0.044339 0.046791
1 0.035571 0.299799 0.062625 0.076872
1 0.150050 0.412934 0.086172 0.149398