1 0.019289 0.031584 0.038076 0.061832
0 0.895917 0.141377 0.010772 0.014706
1 0.913201 0.063168 0.173597 0.125668
1 0.955035 0.211731 0.089930 0.160762
1 0.889279 0.182320 0.055110 0.060495
1 0.730461 0.256517 0.085671 0.111965
1 0.816759 0.296457 0.031814 0.036765
1 0.732214 0.365976 0.046593 0.072861
1 0.795341 0.377340 0.054108 0.051471
0 0.413702 0.300969 0.010772 0.022393
0 0.540456 0.530080 0.028808 0.034091
0 0.607214 0.580381 0.007515 0.009693
0 0.359218 0.875668 0.013026 0.015374
0 0.004509 0.927640 0.008517 0.019719
1 0.656062 0.943850 0.063627 0.074866
1 0.848948 0.904412 0.021543 0.040107
1 0.351328 0.947193 0.048347 0.068182
1 0.567510 0.456384 0.036824 0.049131
1 0.605210 0.523897 0.065130 0.047794
1 0.675726 0.458723 0.035822 0.044452
1 0.705661 0.520388 0.047595 0.056818