0 0.199274 0.339071 0.017786 0.025067
0 0.345691 0.273730 0.047094 0.168449
0 0.408442 0.344084 0.088427 0.051805
0 0.522169 0.416444 0.092936 0.043449
0 0.981588 0.590742 0.036824 0.060495
0 0.700651 0.584893 0.035070 0.063503
0 0.772921 0.615642 0.042335 0.042112
0 0.176603 0.517714 0.012525 0.022059
0 0.756263 0.727774 0.012525 0.026404
0 0.857715 0.834893 0.055611 0.050134
0 0.935371 0.973763 0.057615 0.052473
1 0.042585 0.676972 0.051102 0.044452
1 0.214178 0.067680 0.036573 0.057821
1 0.213302 0.203041 0.048347 0.087901
1 0.123121 0.507186 0.041834 0.047794
1 0.172470 0.369485 0.028307 0.049131
1 0.529935 0.239138 0.076904 0.064505
1 0.665331 0.644051 0.036573 0.103610
1 0.926227 0.642380 0.054359 0.073529
1 0.930486 0.811832 0.059369 0.088904
1 0.986723 0.976103 0.026553 0.047794
1 0.299349 0.227941 0.020040 0.040107
1 0.498998 0.365642 0.037074 0.041444
1 0.645666 0.072527 0.029309 0.043449