0 0.073773 0.172126 0.013277 0.022727
0 0.057365 0.276404 0.028557 0.026070
0 0.418211 0.191678 0.011273 0.013035
0 0.411072 0.224766 0.013026 0.019051
0 0.564880 0.117814 0.013527 0.011698
0 0.617986 0.181317 0.012525 0.017714
0 0.746242 0.037767 0.016533 0.013369
0 0.726453 0.019051 0.016032 0.017380
0 0.360972 0.344251 0.012525 0.016711
0 0.194389 0.485795 0.011523 0.012366
0 0.484719 0.446190 0.013527 0.020053
0 0.476328 0.482620 0.017285 0.025401
0 0.493737 0.493483 0.012525 0.023061
0 0.536448 0.541611 0.009770 0.017045
0 0.593813 0.562166 0.014279 0.014706
0 0.676603 0.453041 0.014529 0.021056
0 0.827029 0.452707 0.012776 0.020388
0 0.828657 0.499666 0.011523 0.016043
0 0.856463 0.497326 0.011523 0.016043
0 0.853582 0.534759 0.011273 0.014037
0 0.314003 0.517213 0.017786 0.015040
0 0.344940 0.720087 0.009519 0.017045
0 0.461423 0.615307 0.014028 0.014706
0 0.095817 0.749833 0.016283 0.022393
0 0.182866 0.692848 0.007515 0.018048
0 0.039830 0.621156 0.007014 0.013035
0 0.198647 0.694853 0.012024 0.019385
0 0.856839 0.791778 0.011273 0.016711
0 0.459920 0.779913 0.019539 0.021725
0 0.445266 0.862801 0.016283 0.018382
0 0.115606 0.894218 0.021794 0.014372
0 0.635897 0.911096 0.016283 0.016043
0 0.948898 0.965241 0.009519 0.012032
1 0.028432 0.127841 0.048347 0.236297
1 0.242234 0.078209 0.334168 0.143717
1 0.230085 0.313837 0.199649 0.296123
1 0.392911 0.526070 0.079409 0.279412
1 0.493612 0.081551 0.113477 0.150401
1 0.702655 0.335561 0.273046 0.161765
1 0.892535 0.138369 0.214930 0.255348
1 0.935872 0.451370 0.128257 0.373329
1 0.715681 0.581718 0.183868 0.168115
1 0.668462 0.799465 0.074399 0.106952
1 0.749875 0.742814 0.168587 0.176136
1 0.540706 0.685996 0.099449 0.169452
1 0.062249 0.404078 0.085922 0.129011