0 0.044464 0.434993 0.015782 0.009693
0 0.645917 0.396557 0.017285 0.019051
0 0.811247 0.486631 0.009770 0.019385
0 0.753632 0.570856 0.031313 0.068182
0 0.775676 0.603944 0.008768 0.010027
0 0.924724 0.805983 0.020291 0.027072
0 0.273547 0.740307 0.012525 0.018717
1 0.822270 0.866310 0.060872 0.051471
1 0.173722 0.299465 0.039329 0.060160
1 0.085922 0.566678 0.167836 0.124666
1 0.129008 0.476604 0.103707 0.086898
1 0.353206 0.561664 0.062625 0.067848
1 0.662074 0.130013 0.060120 0.073529
1 0.902054 0.142380 0.032565 0.060160
1 0.684118 0.403576 0.042585 0.081217
1 0.884143 0.664104 0.061874 0.116979
1 0.969314 0.323362 0.031814 0.041110
1 0.542961 0.492146 0.020792 0.035762
1 0.568011 0.674298 0.055862 0.074532
1 0.550852 0.597928 0.030060 0.042112
1 0.578031 0.561664 0.030812 0.034425
1 0.986723 0.678142 0.026553 0.055481
1 0.316007 0.821357 0.036824 0.032420
1 0.865230 0.226939 0.027555 0.040107
1 0.306864 0.496992 0.018537 0.036765
1 0.845691 0.395221 0.025050 0.029078
1 0.977580 0.401738 0.021794 0.033422