0 0.090681 0.027072 0.011022 0.016711
0 0.356839 0.056818 0.023297 0.032086
0 0.344188 0.147560 0.012024 0.011698
0 0.496242 0.265876 0.019539 0.033757
0 0.531187 0.247159 0.009770 0.020388
0 0.623497 0.208389 0.059118 0.063168
0 0.751879 0.098262 0.011774 0.018717
0 0.797345 0.081885 0.020040 0.019385
0 0.897420 0.321357 0.011774 0.018382
0 0.527931 0.302640 0.009770 0.011698
0 0.580536 0.295956 0.013778 0.013703
0 0.558367 0.675301 0.005511 0.011029
0 0.715932 0.699198 0.009519 0.010695
1 0.685746 0.496992 0.329910 0.290775
1 0.342560 0.241979 0.124499 0.128342
1 0.855586 0.218583 0.203657 0.157086
1 0.287450 0.055314 0.094439 0.089238
1 0.821894 0.041444 0.333166 0.063503
1 0.107966 0.078710 0.052605 0.042447
1 0.429860 0.454211 0.175351 0.252005
1 0.354208 0.626838 0.036072 0.035762
1 0.406814 0.702039 0.046092 0.067848
1 0.508642 0.656417 0.045842 0.052139
1 0.427605 0.823028 0.042585 0.044452
1 0.634394 0.863636 0.041834 0.041444