0 0.453783 0.005849 0.011774 0.011029
0 0.968813 0.164773 0.011774 0.016711
0 0.978582 0.028242 0.017285 0.017045
0 0.925601 0.050802 0.012525 0.018048
0 0.910696 0.060829 0.011273 0.012701
0 0.523672 0.333890 0.015782 0.012701
0 0.587675 0.381016 0.017535 0.030080
0 0.738352 0.401237 0.010271 0.013035
0 0.687249 0.518549 0.009269 0.013035
0 0.951904 0.539773 0.025551 0.036765
1 0.666583 0.334392 0.102705 0.286430
1 0.479459 0.407420 0.084669 0.118316
1 0.852330 0.489305 0.133517 0.262032
1 0.952906 0.287767 0.094188 0.170455
1 0.798973 0.073864 0.123497 0.110294
1 0.986723 0.483289 0.026553 0.066845
1 0.841934 0.387366 0.076152 0.068850