0 0.335421 0.195020 0.021543 0.027741
0 0.620491 0.230949 0.020040 0.053476
0 0.628758 0.026905 0.024549 0.041778
0 0.460045 0.213235 0.008267 0.014706
0 0.658317 0.047460 0.015030 0.022059
0 0.703657 0.012701 0.026052 0.024064
0 0.869238 0.410595 0.013527 0.022393
0 0.736974 0.454378 0.009018 0.015040
0 0.592560 0.321524 0.007766 0.013369
0 0.620741 0.302473 0.010521 0.016043
0 0.453407 0.314672 0.016533 0.011698
0 0.475827 0.284592 0.013778 0.019051
0 0.444389 0.455381 0.009018 0.010361
0 0.502129 0.728443 0.012776 0.015709
0 0.485596 0.724766 0.012776 0.021056
0 0.319765 0.906751 0.011273 0.014706
1 0.160446 0.409759 0.274800 0.768717
1 0.394790 0.713235 0.141784 0.310829
1 0.629760 0.718249 0.182866 0.222594
1 0.946142 0.717747 0.107715 0.154746
1 0.825150 0.220755 0.349699 0.273061
1 0.644790 0.489806 0.119238 0.198195
1 0.957039 0.504345 0.085922 0.200535
1 0.870616 0.089405 0.258768 0.141377
1 0.349198 0.298797 0.154309 0.132353
1 0.517535 0.090575 0.160321 0.137032