0 0.512024 0.352440 0.015030 0.020388
0 0.426227 0.305816 0.011774 0.013369
0 0.280311 0.394385 0.019539 0.021390
0 0.181738 0.540608 0.012776 0.018382
0 0.527054 0.531250 0.017535 0.020388
0 0.525802 0.550301 0.013527 0.011698
0 0.492861 0.614806 0.007265 0.012366
0 0.849073 0.519552 0.015281 0.019051
0 0.913452 0.686497 0.013277 0.010695
0 0.518913 0.712901 0.018287 0.020722
0 0.603958 0.711397 0.009018 0.017714
0 0.096944 0.770388 0.020541 0.018048
0 0.503257 0.768215 0.029559 0.007687
0 0.669965 0.756684 0.013778 0.012701
0 0.709168 0.821691 0.012525 0.012366
0 0.890030 0.859793 0.044088 0.058489
0 0.931989 0.981116 0.011774 0.017045
0 0.444765 0.894719 0.015782 0.021390
0 0.480210 0.967580 0.017535 0.020722
0 0.384018 0.867146 0.011523 0.015040
0 0.521543 0.916277 0.007515 0.013035
0 0.289203 0.964906 0.008267 0.014706
0 0.011648 0.981952 0.018287 0.012701
1 0.201653 0.867981 0.137776 0.264037
1 0.414579 0.741644 0.131263 0.147059
1 0.612725 0.894886 0.122745 0.179479
1 0.796844 0.760027 0.115230 0.326203
1 0.966433 0.839071 0.067134 0.181484
1 0.926728 0.611798 0.094439 0.099265
1 0.655311 0.519886 0.081162 0.131350
1 0.043337 0.868148 0.080160 0.166110
1 0.377881 0.970588 0.119489 0.058824