0 0.006638 0.223262 0.010271 0.016043
0 0.054860 0.042112 0.014529 0.017380
0 0.162951 0.197527 0.011774 0.011364
0 0.423848 0.423630 0.009018 0.014372
0 0.650301 0.412433 0.013026 0.020053
0 0.119865 0.543951 0.009770 0.013703
0 0.105711 0.473429 0.012525 0.017045
0 0.236097 0.567346 0.013778 0.010361
0 0.599574 0.631016 0.011273 0.016043
0 0.811999 0.520722 0.067886 0.084225
0 0.846192 0.577540 0.014028 0.015374
0 0.004885 0.739806 0.008267 0.016377
0 0.156814 0.714572 0.011022 0.017380
0 0.697645 0.850434 0.008517 0.012366
0 0.125251 0.779412 0.025050 0.031417
0 0.191007 0.849766 0.099449 0.039104
0 0.205160 0.796290 0.066132 0.072527
0 0.261523 0.707052 0.020541 0.018382
0 0.011273 0.814338 0.019038 0.017045
0 0.207415 0.888870 0.088677 0.065842
0 0.868863 0.961397 0.011273 0.013703
1 0.486598 0.840742 0.373998 0.318516
1 0.921217 0.728275 0.154559 0.227273
1 0.081162 0.952707 0.141283 0.094586
1 0.174223 0.376671 0.076904 0.070187
1 0.297846 0.446357 0.153808 0.122660
1 0.425977 0.584057 0.110972 0.092580
1 0.145040 0.611798 0.098697 0.059158
1 0.463552 0.280414 0.094439 0.102273
1 0.478206 0.090408 0.061623 0.072527
1 0.063627 0.438670 0.046092 0.122660
1 0.072395 0.156083 0.043587 0.036765
1 0.267285 0.212400 0.147796 0.069184
1 0.552480 0.173463 0.058367 0.068850
1 0.920341 0.203209 0.159319 0.096925
1 0.936623 0.497660 0.126754 0.193850
1 0.512024 0.468082 0.119238 0.087901
1 0.634394 0.502674 0.081914 0.105615
1 0.502756 0.383523 0.067635 0.059158
1 0.298221 0.597928 0.064379 0.068850
1 0.647670 0.188503 0.023297 0.048128
1 0.724950 0.239138 0.087675 0.051136
1 0.803858 0.288770 0.051603 0.074866
1 0.771668 0.168449 0.030812 0.030080
1 0.097821 0.282086 0.039329 0.052139
1 0.041834 0.219753 0.032565 0.061163
1 0.032816 0.289271 0.032565 0.051136