0 0.531939 0.272393 0.011273 0.012701
0 0.753382 0.233289 0.014780 0.014037
0 0.507139 0.296290 0.008267 0.013703
0 0.178983 0.505180 0.020792 0.025067
0 0.556488 0.658924 0.013778 0.024398
0 0.661573 0.694686 0.018537 0.029746
0 0.609970 0.695187 0.007014 0.011364
0 0.747620 0.549465 0.012776 0.016043
0 0.353707 0.679646 0.008016 0.015040
0 0.913076 0.837734 0.007515 0.010361
0 0.858968 0.953041 0.016032 0.021725
1 0.082791 0.864806 0.114479 0.104612
1 0.166333 0.807821 0.055611 0.088904
1 0.560371 0.993483 0.018537 0.013035
1 0.596192 0.979111 0.031062 0.041778
1 0.777806 0.922126 0.108717 0.090909
1 0.737475 0.831718 0.021042 0.033088
1 0.822144 0.829378 0.014028 0.016377
1 0.694013 0.855114 0.014279 0.025067
1 0.964304 0.910929 0.071393 0.177473
0 0.914203 0.864639 0.020291 0.022059
1 0.668086 0.658924 0.070641 0.033757
1 0.738978 0.645722 0.062124 0.052139
1 0.529183 0.659759 0.036824 0.048797
1 0.034945 0.709559 0.062375 0.074198
1 0.083041 0.759191 0.029309 0.046457
1 0.026428 0.633356 0.031814 0.041444
1 0.131764 0.556985 0.063627 0.157420
1 0.211047 0.560495 0.091934 0.057487
1 0.364855 0.558322 0.059369 0.042447
1 0.672846 0.573529 0.044088 0.062834
1 0.727455 0.519051 0.026052 0.075535
1 0.573397 0.496992 0.118236 0.232620
1 0.948522 0.559492 0.102956 0.245989
1 0.822645 0.402574 0.121242 0.158757
1 0.940381 0.343082 0.029058 0.030414
1 0.973572 0.299799 0.052355 0.048128
0 0.649925 0.363636 0.015281 0.016043
1 0.651428 0.308656 0.064379 0.086564
1 0.689254 0.361631 0.041333 0.036765
1 0.423096 0.270555 0.104208 0.087233
1 0.442761 0.375000 0.060371 0.112299
1 0.302856 0.421959 0.022545 0.051805
0 0.332290 0.384525 0.009269 0.011029
1 0.349449 0.221925 0.024048 0.028743
1 0.469188 0.157253 0.121743 0.119987
1 0.599574 0.125334 0.043838 0.050134
1 0.671092 0.105114 0.043086 0.052473
1 0.676854 0.235628 0.050100 0.050134
1 0.892410 0.223262 0.028307 0.029412
1 0.798221 0.101437 0.028808 0.061163
1 0.893412 0.017547 0.028808 0.021725
1 0.852079 0.060495 0.010772 0.018717