0 0.078657 0.180816 0.013527 0.014706
0 0.302480 0.224766 0.012776 0.015709
0 0.328156 0.225267 0.009519 0.020053
0 0.262024 0.214071 0.014529 0.018382
0 0.278557 0.107620 0.012525 0.014037
0 0.392285 0.043783 0.009018 0.009358
0 0.809744 0.309826 0.010271 0.012032
0 0.436122 0.375836 0.021042 0.021725
0 0.056613 0.447861 0.018036 0.010027
0 0.076779 0.437667 0.009770 0.011029
0 0.966057 0.410595 0.007766 0.014372
0 0.911949 0.549131 0.008267 0.012701
0 0.478582 0.665608 0.008768 0.011029
0 0.148171 0.692179 0.021293 0.020722
0 0.220566 0.671290 0.010772 0.021056
0 0.186373 0.638202 0.028557 0.028409
0 0.517660 0.689338 0.013277 0.010361
0 0.640281 0.811999 0.021042 0.043115
1 0.275301 0.403576 0.067635 0.081217
1 0.373747 0.496658 0.182866 0.133690
1 0.139654 0.760027 0.086924 0.081551
1 0.399299 0.663603 0.101703 0.149398
1 0.686498 0.608957 0.116984 0.227273
1 0.575150 0.729278 0.067635 0.173797
1 0.526303 0.269886 0.185371 0.139372
1 0.708667 0.038603 0.097695 0.044452
1 0.210170 0.126671 0.062625 0.086898
1 0.242735 0.027574 0.056112 0.029078
1 0.275676 0.071023 0.041834 0.022393
1 0.532064 0.526571 0.060120 0.151404
1 0.291583 0.838068 0.038577 0.034425
1 0.678231 0.918282 0.031814 0.047794