0 0.205035 0.146892 0.008768 0.013035
0 0.188001 0.174465 0.011273 0.017380
0 0.377505 0.007520 0.008517 0.012366
0 0.454284 0.034759 0.010772 0.016711
0 0.441383 0.064505 0.009519 0.012701
0 0.869364 0.162600 0.046343 0.034425
0 0.907565 0.119318 0.045090 0.030749
0 0.957290 0.105949 0.027806 0.048797
0 0.990230 0.118650 0.015030 0.051471
0 0.784945 0.235461 0.043838 0.024398
0 0.895291 0.231952 0.010521 0.011364
0 0.985346 0.224265 0.014279 0.027406
0 0.916082 0.060829 0.026553 0.034759
0 0.800977 0.117981 0.013277 0.016711
0 0.012901 0.290107 0.008768 0.007353
0 0.025050 0.309993 0.008016 0.011029
0 0.092685 0.268215 0.008517 0.011029
0 0.140531 0.276070 0.005511 0.008690
0 0.164203 0.397393 0.007766 0.012032
0 0.581663 0.318850 0.012024 0.012032
0 0.142034 0.638369 0.036072 0.041444
0 0.320767 0.646390 0.015281 0.021390
0 0.355711 0.616811 0.012525 0.016377
0 0.504760 0.477774 0.055110 0.051805
0 0.553106 0.643048 0.014529 0.024733
0 0.583667 0.601437 0.011523 0.014372
0 0.537575 0.574532 0.007014 0.012701
0 0.549975 0.711564 0.010772 0.012701
0 0.268161 0.885027 0.028808 0.024064
0 0.500877 0.975267 0.066884 0.049465
0 0.558617 0.955882 0.034068 0.020722
0 0.605962 0.923797 0.061122 0.029412
0 0.624123 0.900902 0.016283 0.016377
0 0.659193 0.951537 0.019289 0.019385
0 0.680611 0.984124 0.013527 0.012366
0 0.647670 0.848596 0.008768 0.013369
0 0.730336 0.842079 0.019790 0.020388
1 0.067260 0.774566 0.069389 0.079211
1 0.446894 0.649231 0.125251 0.271725
1 0.644289 0.474265 0.122745 0.229278
1 0.663452 0.669786 0.095942 0.163770
1 0.306112 0.774064 0.086172 0.140374
1 0.083166 0.118316 0.041082 0.050134