0 0.658943 0.236130 0.013778 0.012366
0 0.734469 0.393717 0.013026 0.010695
0 0.598447 0.369652 0.012024 0.026738
0 0.541834 0.325201 0.007014 0.010695
0 0.575777 0.416277 0.009770 0.016377
0 0.662700 0.477607 0.011774 0.018048
0 0.818763 0.758356 0.022295 0.024733
0 0.844314 0.523897 0.011774 0.019051
0 0.848322 0.477774 0.012776 0.017714
0 0.142535 0.183155 0.012525 0.014037
0 0.081789 0.162934 0.009269 0.013703
0 0.065005 0.100267 0.006764 0.011364
0 0.025551 0.020555 0.006012 0.011029
0 0.183241 0.529746 0.010271 0.026738
0 0.209168 0.553977 0.010521 0.015709
0 0.180235 0.661932 0.009269 0.017045
0 0.246618 0.785595 0.014780 0.018382
0 0.208667 0.785929 0.014028 0.021725
0 0.226703 0.778242 0.007515 0.012366
0 0.886774 0.577874 0.015030 0.019385
1 0.081037 0.620154 0.141032 0.171457
1 0.694890 0.603443 0.253006 0.158088
1 0.894539 0.376337 0.184369 0.147059
1 0.955035 0.582888 0.089930 0.212567
1 0.645291 0.178476 0.235471 0.090241
1 0.158692 0.385695 0.055862 0.068182
1 0.433868 0.239305 0.110220 0.073529