0 0.753382 0.141711 0.009770 0.016043
0 0.733342 0.192346 0.008267 0.012366
0 0.860346 0.224098 0.007766 0.007687
0 0.862350 0.264706 0.012275 0.012032
0 0.875376 0.330715 0.010772 0.018382
0 0.868737 0.350936 0.006012 0.012032
0 0.199524 0.561832 0.006263 0.012032
0 0.144163 0.648563 0.011273 0.012366
0 0.349825 0.745989 0.015782 0.020053
0 0.405812 0.825033 0.015531 0.061832
0 0.030436 0.902072 0.012275 0.014037
0 0.155686 0.924632 0.020291 0.018382
0 0.191508 0.822861 0.008768 0.008690
0 0.232966 0.931484 0.008517 0.014037
0 0.164329 0.945689 0.010521 0.012366
0 0.184744 0.953710 0.011774 0.013703
1 0.739479 0.982787 0.036072 0.034425
1 0.763277 0.931651 0.043587 0.045789
1 0.983717 0.708222 0.025050 0.058155