0 0.119739 0.007520 0.012024 0.014372
0 0.219689 0.171959 0.012024 0.013703
0 0.567260 0.244820 0.011774 0.017714
0 0.725576 0.216745 0.022295 0.034425
0 0.761022 0.260862 0.010521 0.025067
0 0.913702 0.065174 0.017786 0.014706
0 0.992360 0.014037 0.009770 0.016711
0 0.994113 0.181651 0.011774 0.049131
0 0.753883 0.355782 0.018287 0.027741
0 0.796969 0.357286 0.009770 0.015374
0 0.689880 0.346591 0.013527 0.026738
0 0.613602 0.306651 0.013778 0.015709
0 0.304734 0.421290 0.016784 0.018382
0 0.056613 0.913770 0.005511 0.014037
1 0.186373 0.771725 0.091182 0.160428
1 0.264780 0.631350 0.082665 0.088904
1 0.532816 0.472092 0.237976 0.202874
1 0.791333 0.532754 0.135271 0.223930
1 0.053983 0.121156 0.101954 0.209559
1 0.311623 0.136197 0.134269 0.255013
1 0.823522 0.154579 0.136022 0.171457
1 0.954158 0.339572 0.091683 0.180481
1 0.171343 0.349933 0.066132 0.083556
1 0.527806 0.117146 0.067635 0.072527
1 0.634770 0.091578 0.139279 0.161765
1 0.643537 0.239305 0.088677 0.100267
1 0.430987 0.273229 0.065882 0.132687
1 0.263527 0.382854 0.040080 0.071190
1 0.890281 0.024231 0.157816 0.042447