0 0.102580 0.020221 0.009269 0.014372
0 0.638903 0.132854 0.014780 0.013703
0 0.804609 0.120488 0.012525 0.013703
0 0.858216 0.111965 0.014529 0.025401
0 0.881012 0.103108 0.011022 0.011698
0 0.037700 0.333556 0.018788 0.016711
0 0.536072 0.855448 0.008517 0.009024
0 0.652054 0.982119 0.029058 0.035762
0 0.704534 0.897393 0.010271 0.015374
1 0.195391 0.063168 0.119238 0.098262
1 0.048347 0.076036 0.082665 0.134693
1 0.590431 0.046457 0.612224 0.084893
1 0.550852 0.597426 0.050100 0.061163
1 0.037074 0.389539 0.040080 0.055816
1 0.453407 0.221925 0.042585 0.068182
1 0.078532 0.843583 0.049349 0.061497
1 0.812375 0.420287 0.045090 0.072527
1 0.892535 0.170120 0.070140 0.068850
1 0.954158 0.711063 0.091683 0.121324
1 0.955536 0.871491 0.044339 0.081217
1 0.665706 0.358957 0.045842 0.038770
1 0.735095 0.267547 0.020792 0.052473
1 0.578532 0.855949 0.046844 0.056818
1 0.985095 0.265374 0.029810 0.072193
1 0.794840 0.564505 0.035070 0.058155
1 0.760521 0.644218 0.026553 0.032420
1 0.859093 0.722259 0.038327 0.030080