0 0.048347 0.033590 0.012525 0.015709
0 0.115857 0.259024 0.018788 0.036096
0 0.300977 0.139539 0.015782 0.020388
0 0.328532 0.117981 0.015782 0.016043
0 0.563878 0.018048 0.013026 0.018048
0 0.067260 0.393048 0.014279 0.019385
0 0.110721 0.367647 0.011523 0.018717
0 0.076653 0.500000 0.010521 0.030080
0 0.081413 0.362968 0.009519 0.014037
1 0.963051 0.833055 0.010772 0.028409
1 0.996869 0.824365 0.006263 0.017714
1 0.489479 0.625836 0.064128 0.104612
1 0.583041 0.693182 0.084419 0.215241
1 0.683993 0.683656 0.050852 0.077874
1 0.838176 0.685328 0.050100 0.059158
1 0.413076 0.051972 0.231964 0.102607
1 0.024424 0.423630 0.040832 0.388703
1 0.154559 0.155080 0.207916 0.103610
1 0.724574 0.448028 0.076904 0.085896
1 0.833542 0.452039 0.109469 0.131350
1 0.272420 0.475267 0.119489 0.046791
1 0.638527 0.041444 0.110220 0.065508