0 0.656563 0.370989 0.014529 0.020722
0 0.405937 0.342747 0.010271 0.015709
0 0.341182 0.486965 0.023547 0.019385
0 0.239228 0.473763 0.010020 0.012366
0 0.266408 0.470588 0.009269 0.014037
0 0.136774 0.301638 0.016032 0.017045
0 0.008016 0.341578 0.008517 0.010695
0 0.198898 0.643884 0.064128 0.049799
0 0.307991 0.614806 0.011774 0.012366
0 0.906062 0.817680 0.039078 0.043115
0 0.657816 0.924967 0.008517 0.016377
0 0.722570 0.924465 0.021794 0.015374
0 0.010145 0.750501 0.009269 0.009693
0 0.062500 0.834726 0.007766 0.016377
1 0.919464 0.203543 0.161072 0.195856
1 0.358717 0.569519 0.105210 0.092246
1 0.166959 0.494820 0.100952 0.186163
1 0.125626 0.735963 0.083417 0.080214
1 0.090556 0.245989 0.043337 0.060160
1 0.674098 0.734459 0.027555 0.025735
1 0.654434 0.542781 0.043337 0.023396