0 0.185120 0.176972 0.015531 0.014372
0 0.828908 0.195187 0.010020 0.013369
0 0.984845 0.219920 0.008768 0.012701
0 0.995867 0.203209 0.008267 0.021390
0 0.551603 0.315842 0.017034 0.019385
0 0.652305 0.366979 0.026553 0.029412
0 0.810746 0.233456 0.015281 0.017045
0 0.740982 0.416277 0.011022 0.023061
0 0.127630 0.333556 0.013778 0.015374
0 0.255010 0.411598 0.010020 0.009024
0 0.145165 0.621825 0.014780 0.042447
0 0.353332 0.441678 0.010271 0.021056
0 0.602956 0.425468 0.010521 0.015374
0 0.650676 0.575702 0.011273 0.015040
0 0.513026 0.722092 0.041082 0.043783
0 0.556237 0.708723 0.013778 0.015709
0 0.440005 0.679813 0.017786 0.013369
0 0.407440 0.692346 0.023798 0.021056
0 0.174850 0.741811 0.017034 0.013035
0 0.016533 0.804479 0.009018 0.008690
0 0.040331 0.816845 0.018537 0.019385
0 0.039955 0.799298 0.010271 0.017045
0 0.378382 0.774398 0.013277 0.022727
0 0.406688 0.793449 0.022796 0.020053
0 0.396919 0.810996 0.009770 0.011698
0 0.422595 0.821357 0.031062 0.045789
0 0.429985 0.784759 0.027305 0.028743
0 0.435371 0.932152 0.011523 0.016711
0 0.579534 0.882520 0.027305 0.029078
0 0.596568 0.918616 0.006263 0.027072
0 0.857590 0.912099 0.009269 0.014706
0 0.877380 0.823529 0.011273 0.009358
0 0.965932 0.855448 0.006012 0.012366
1 0.278682 0.893048 0.187124 0.213904
1 0.112851 0.976604 0.139529 0.046791
1 0.047720 0.902072 0.090932 0.140374
1 0.036949 0.737132 0.059369 0.057821
1 0.056488 0.442513 0.108467 0.212567
1 0.294088 0.615642 0.097695 0.160428
1 0.425601 0.567848 0.106713 0.129011
1 0.508267 0.894385 0.083667 0.207219
1 0.917836 0.690341 0.146293 0.216243
1 0.710296 0.883021 0.173597 0.233957
1 0.153808 0.249164 0.066132 0.071190
1 0.434369 0.442012 0.079158 0.102607
1 0.623998 0.226939 0.102705 0.160428
1 0.760396 0.318850 0.133517 0.094920