0 0.531688 0.087567 0.011774 0.012032
0 0.825276 0.248997 0.008267 0.015374
0 0.763527 0.246324 0.006012 0.012701
0 0.100827 0.474599 0.010772 0.031417
0 0.315005 0.543951 0.016784 0.016377
0 0.629760 0.744652 0.014529 0.022059
0 0.628131 0.723262 0.012275 0.008021
0 0.311247 0.834225 0.015782 0.016043
0 0.369990 0.929646 0.018537 0.016377
1 0.113352 0.733790 0.206162 0.131350
1 0.493612 0.678643 0.203657 0.259693
1 0.676478 0.640207 0.093437 0.102607
1 0.706789 0.913102 0.586423 0.173797
1 0.325777 0.744318 0.076904 0.076872
1 0.954785 0.537767 0.090431 0.088904
1 0.229459 0.057654 0.072645 0.064505
1 0.837300 0.317680 0.045842 0.045789