0 0.101954 0.148563 0.018537 0.041778
0 0.143537 0.246825 0.011022 0.021725
0 0.130762 0.263870 0.007014 0.009024
0 0.136648 0.277406 0.013778 0.013369
0 0.199399 0.248496 0.014028 0.012366
0 0.422219 0.067012 0.014780 0.025067
0 0.477956 0.108122 0.015030 0.024398
0 0.541708 0.041110 0.009269 0.020722
0 0.478707 0.245989 0.010020 0.014706
0 0.893537 0.356618 0.059118 0.062834
0 0.782565 0.401905 0.014529 0.015709
0 0.559494 0.436163 0.015782 0.015374
0 0.137650 0.431150 0.013277 0.019385
0 0.016032 0.484459 0.010521 0.013035
0 0.248372 0.547627 0.017786 0.022393
0 0.525175 0.552807 0.031814 0.042781
0 0.544965 0.654579 0.012275 0.021725
0 0.823021 0.493984 0.011273 0.024064
0 0.259644 0.753342 0.011273 0.022059
0 0.433742 0.693850 0.024800 0.032086
0 0.224699 0.806985 0.017535 0.023730
0 0.267410 0.720755 0.013277 0.019719
0 0.305611 0.742981 0.012525 0.016043
0 0.249499 0.836898 0.009018 0.019385
0 0.322270 0.821023 0.010772 0.013035
0 0.339930 0.911765 0.013026 0.012701
0 0.446894 0.887199 0.021042 0.021725
1 0.099574 0.788937 0.186122 0.422126
1 0.729584 0.860795 0.447645 0.278409
1 0.043587 0.203543 0.076152 0.403075
1 0.216809 0.101604 0.178607 0.163770
1 0.344564 0.361631 0.207164 0.294118
1 0.810120 0.155582 0.379760 0.303142
1 0.925726 0.559993 0.148547 0.265040
1 0.705411 0.623997 0.215431 0.150401
1 0.365105 0.967246 0.296343 0.065508