0 0.367610 0.119820 0.017786 0.015040
0 0.841934 0.187166 0.021543 0.031417
0 0.990105 0.321858 0.007766 0.016711
0 0.845691 0.379011 0.010020 0.020053
0 0.712801 0.355782 0.019790 0.011029
0 0.695767 0.334392 0.027806 0.026404
0 0.273672 0.360963 0.010772 0.016043
0 0.464178 0.278409 0.022545 0.044786
0 0.320015 0.382854 0.006764 0.011029
0 0.348823 0.376003 0.014279 0.012701
0 0.393913 0.316176 0.007265 0.011364
0 0.266408 0.444686 0.021293 0.013035
0 0.012275 0.501671 0.009018 0.014706
0 0.095065 0.478610 0.013778 0.014706
0 0.507014 0.573362 0.010020 0.015040
0 0.588552 0.486130 0.009269 0.012366
0 0.746743 0.538603 0.016032 0.015040
0 0.703657 0.468249 0.007014 0.012032
0 0.701152 0.530247 0.011523 0.011029
0 0.837550 0.539439 0.012275 0.010695
0 0.837801 0.565007 0.010772 0.015709
0 0.852330 0.565007 0.007766 0.013035
0 0.931237 0.477941 0.009770 0.012701
0 0.990356 0.599599 0.019289 0.028743
0 0.714554 0.614138 0.011273 0.016377
0 0.662074 0.633356 0.015030 0.016711
0 0.862099 0.691344 0.013778 0.013035
0 0.151303 0.688001 0.009519 0.011698
1 0.313377 0.557320 0.310621 0.179479
1 0.414830 0.697694 0.433367 0.092580
1 0.597194 0.379679 0.136774 0.167112
1 0.125000 0.214739 0.102705 0.109291
1 0.345065 0.054813 0.168587 0.078877
1 0.633141 0.141711 0.063377 0.072193
1 0.741232 0.702206 0.164329 0.070187
1 0.813502 0.474265 0.147044 0.088904
1 0.755887 0.282587 0.056864 0.069184
1 0.912325 0.355114 0.057615 0.109291
1 0.957039 0.029746 0.056864 0.035428