0 0.887650 0.149733 0.028808 0.026738
0 0.831663 0.169452 0.010020 0.014706
0 0.862725 0.213235 0.013527 0.014706
0 0.709669 0.163603 0.020040 0.019051
0 0.468061 0.311330 0.022796 0.016377
0 0.479835 0.297794 0.018788 0.028743
0 0.479584 0.206217 0.014780 0.040107
0 0.514905 0.188503 0.014780 0.014706
0 0.392535 0.402072 0.011523 0.016043
0 0.536072 0.447694 0.014529 0.016377
1 0.144163 0.508189 0.045842 0.059158
1 0.224324 0.515541 0.085922 0.071190
1 0.075276 0.783422 0.061874 0.081551
1 0.186373 0.956049 0.090180 0.085896
1 0.475200 0.492647 0.093687 0.098930
1 0.585797 0.245321 0.045842 0.092246
1 0.516533 0.290441 0.031062 0.068850
1 0.569514 0.388035 0.028307 0.050134
1 0.727330 0.215241 0.098447 0.056818
1 0.929860 0.215241 0.041082 0.056818