0 0.170967 0.213402 0.015782 0.026404
0 0.277806 0.154746 0.014529 0.014037
0 0.363853 0.106451 0.013778 0.017045
0 0.424724 0.256684 0.012776 0.019385
0 0.711423 0.241143 0.012024 0.014372
0 0.738226 0.278242 0.014028 0.014372
0 0.706037 0.277908 0.013277 0.016377
0 0.885271 0.334057 0.017535 0.027741
0 0.798973 0.401070 0.011774 0.014706
0 0.170842 0.380849 0.007014 0.016377
0 0.148798 0.322360 0.010521 0.020388
0 0.250752 0.390876 0.011022 0.015040
0 0.176227 0.519218 0.047846 0.026404
0 0.223196 0.503008 0.006513 0.010695
0 0.342435 0.599265 0.012024 0.015374
0 0.440256 0.493316 0.004760 0.010027
0 0.489479 0.594753 0.015030 0.013703
0 0.531313 0.532587 0.012525 0.014372
0 0.581413 0.528910 0.008016 0.015709
0 0.990731 0.715408 0.006513 0.011029
0 0.495491 0.694519 0.021042 0.016043
0 0.092936 0.668616 0.009018 0.025067
0 0.202655 0.802473 0.015531 0.019385
0 0.407440 0.862132 0.010772 0.015040
0 0.476202 0.831551 0.011523 0.020053
0 0.507766 0.896223 0.017034 0.010361
0 0.650301 0.869318 0.019539 0.017380
0 0.629133 0.886698 0.017786 0.012701
0 0.797345 0.742647 0.018537 0.014037
0 0.817385 0.760027 0.009519 0.012701
0 0.696643 0.906417 0.018537 0.016711
0 0.755135 0.978610 0.012275 0.017380
0 0.536824 0.928977 0.005511 0.010361
0 0.337801 0.922961 0.024299 0.026404
1 0.058993 0.391210 0.111974 0.468917
1 0.094564 0.860294 0.171092 0.279412
1 0.767911 0.100936 0.133517 0.201203
1 0.273672 0.280916 0.121994 0.146056
1 0.292836 0.770555 0.083667 0.169452
1 0.245240 0.965575 0.090180 0.068850
1 0.896543 0.909759 0.206914 0.180481
1 0.913577 0.566678 0.172846 0.218249
1 0.586673 0.362299 0.195391 0.221925
1 0.646543 0.762868 0.217936 0.131350
1 0.925351 0.035261 0.081162 0.064505
1 0.938627 0.201370 0.122745 0.202874