0 0.331162 0.129178 0.013026 0.012366
0 0.378632 0.138870 0.012275 0.017714
0 0.460045 0.214238 0.008768 0.019385
0 0.595441 0.227774 0.011523 0.011698
0 0.648923 0.037600 0.011273 0.014372
0 0.808617 0.341410 0.008517 0.009693
0 0.822645 0.408422 0.012024 0.027406
0 0.719689 0.421123 0.020040 0.015374
0 0.258141 0.302807 0.014279 0.020722
0 0.882014 0.524566 0.009519 0.019051
0 0.576779 0.619318 0.017285 0.041444
0 0.439254 0.732787 0.020291 0.031083
0 0.394414 0.786096 0.016283 0.017380
0 0.620491 0.666444 0.013026 0.014037
0 0.757014 0.772226 0.022545 0.025067
0 0.897420 0.860461 0.015782 0.015709
0 0.923597 0.792279 0.014529 0.014372
0 0.665957 0.983957 0.021293 0.026070
0 0.337174 0.941176 0.011022 0.018717
0 0.433993 0.935996 0.015782 0.015709
0 0.453783 0.965408 0.012275 0.011698
1 0.247370 0.051471 0.314880 0.092246
1 0.531688 0.097761 0.158567 0.182821
1 0.429359 0.492647 0.229459 0.370989
1 0.067635 0.851270 0.132766 0.297460
1 0.481087 0.485963 0.289830 0.197193
1 0.873998 0.157921 0.252004 0.296457
1 0.927856 0.403576 0.144289 0.166110
1 0.973322 0.576872 0.053357 0.160428
1 0.741608 0.519886 0.124499 0.129345
1 0.880261 0.952206 0.232966 0.095588
1 0.484845 0.884191 0.116984 0.055816