0 0.138652 0.062333 0.018788 0.014372
0 0.196268 0.009693 0.012776 0.017380
0 0.160070 0.284592 0.022545 0.014372
0 0.213803 0.087066 0.009770 0.016377
0 0.298221 0.064672 0.019289 0.033757
0 0.307114 0.032754 0.007014 0.019385
0 0.221318 0.139539 0.009770 0.017714
0 0.194765 0.219753 0.012776 0.017714
0 0.872119 0.225434 0.009269 0.019051
0 0.959544 0.219753 0.015782 0.019051
0 0.134895 0.326370 0.016784 0.017045
0 0.113352 0.382854 0.011774 0.028409
0 0.038577 0.406918 0.019038 0.033088
0 0.100701 0.407587 0.012525 0.013035
0 0.896167 0.247493 0.007265 0.013035
0 0.101829 0.792112 0.010772 0.018717
1 0.010145 0.498830 0.018287 0.269719
1 0.245491 0.186330 0.075150 0.025735
1 0.169965 0.142213 0.039329 0.057821
1 0.240982 0.035261 0.036072 0.055816
1 0.297345 0.912099 0.025050 0.060160
1 0.609218 0.541110 0.034068 0.053476
1 0.625125 0.602941 0.030812 0.041444
1 0.654810 0.958389 0.025050 0.025735