0 0.167084 0.191176 0.039078 0.034759
0 0.598823 0.565675 0.030311 0.017714
0 0.580661 0.593583 0.008517 0.012032
0 0.605837 0.519218 0.006263 0.011029
0 0.544840 0.596090 0.007515 0.009693
0 0.568637 0.617146 0.007515 0.014372
0 0.735471 0.419285 0.006513 0.008356
0 0.744238 0.441845 0.020040 0.014037
0 0.802981 0.480615 0.041834 0.108289
0 0.924349 0.464906 0.084168 0.032754
0 0.813252 0.580214 0.060872 0.060160
0 0.782189 0.630849 0.030812 0.020388
0 0.996368 0.455381 0.007265 0.027072
0 0.052104 0.712233 0.093186 0.171123
0 0.120867 0.652406 0.007766 0.009358
0 0.142410 0.676805 0.012776 0.019385
0 0.021042 0.883189 0.013026 0.011029
0 0.195140 0.918115 0.126253 0.147727
0 0.105210 0.944686 0.053607 0.022393
0 0.543462 0.962901 0.240230 0.065508
0 0.638402 0.903576 0.067886 0.060495
0 0.705536 0.816845 0.042335 0.059492
0 0.778808 0.712901 0.070641 0.115642
0 0.718813 0.741477 0.036323 0.047126
1 0.766784 0.802473 0.032565 0.034091
0 0.784444 0.859626 0.051353 0.049465
0 0.315506 0.968750 0.007766 0.009024