0 0.184995 0.115976 0.010772 0.014037
0 0.966057 0.457386 0.010271 0.020388
0 0.666207 0.427975 0.007766 0.010361
0 0.743863 0.603610 0.011273 0.015374
0 0.317009 0.784425 0.012275 0.013369
0 0.400676 0.733623 0.012275 0.016043
0 0.218061 0.834726 0.016784 0.023730
0 0.458292 0.871992 0.011774 0.018048
0 0.722570 0.832721 0.012275 0.013703
0 0.745491 0.864305 0.012525 0.018048
0 0.876378 0.899398 0.019289 0.021390
0 0.795341 0.964572 0.012024 0.012701
0 0.202280 0.936999 0.009770 0.023061
0 0.227580 0.988302 0.006764 0.011364
1 0.096192 0.892045 0.182866 0.215909
1 0.593938 0.886364 0.197896 0.227273
1 0.342184 0.924298 0.185371 0.151404
1 0.871869 0.772226 0.256263 0.141377
1 0.884394 0.962734 0.124499 0.074532
1 0.170090 0.442513 0.045090 0.061497
1 0.313252 0.527239 0.049349 0.045789
1 0.205160 0.665775 0.028557 0.046791
1 0.660571 0.576203 0.042585 0.041444
1 0.150927 0.047126 0.078407 0.043449