0 0.850827 0.183322 0.011774 0.012366
0 0.939254 0.234960 0.018287 0.023396
0 0.935621 0.396892 0.019038 0.017045
0 0.752630 0.388870 0.009770 0.007687
0 0.675977 0.543115 0.011774 0.014706
0 0.736473 0.544953 0.007515 0.011698
0 0.876754 0.498329 0.023547 0.010027
0 0.858216 0.562834 0.007515 0.009358
0 0.788201 0.671290 0.027305 0.031083
0 0.657189 0.754178 0.018788 0.023061
0 0.172846 0.670455 0.009519 0.011364
1 0.064128 0.713904 0.032565 0.040107
1 0.289830 0.728275 0.075150 0.066845
1 0.194264 0.720421 0.034319 0.057821
1 0.420591 0.767213 0.079158 0.069184
1 0.485721 0.704211 0.049098 0.050134
1 0.594314 0.729947 0.050852 0.103610
1 0.736222 0.257687 0.152806 0.130348
1 0.877380 0.323195 0.045842 0.103610
1 0.877380 0.436497 0.025802 0.080214
1 0.856839 0.661932 0.063377 0.121324
1 0.720691 0.446357 0.100200 0.091243