0 0.082164 0.266377 0.063627 0.166444
0 0.102705 0.405414 0.057114 0.074866
0 0.180862 0.425635 0.025050 0.116644
0 0.277806 0.324699 0.151804 0.039773
0 0.624123 0.253676 0.019790 0.045455
0 0.720065 0.445856 0.009269 0.010695
0 0.919088 0.486798 0.053106 0.083890
0 0.982340 0.294285 0.010772 0.021056
0 0.023422 0.564505 0.028307 0.036765
0 0.552229 0.589572 0.199148 0.112968
0 0.638652 0.730448 0.064880 0.152741
0 0.757891 0.656751 0.074399 0.071524
0 0.744990 0.849933 0.131263 0.133021
0 0.745491 0.962734 0.159319 0.074532
1 0.790581 0.555147 0.144289 0.110294
1 0.478206 0.487634 0.071142 0.062166