0 0.768788 0.192513 0.032565 0.031417
0 0.950025 0.314505 0.008267 0.015374
0 0.511022 0.591243 0.007515 0.016043
0 0.496493 0.523396 0.010020 0.016043
0 0.642410 0.523897 0.011273 0.021056
0 0.842310 0.445187 0.009269 0.014037
0 0.750000 0.668115 0.018537 0.029412
0 0.926353 0.732787 0.020541 0.031083
0 0.013527 0.825201 0.011022 0.012701
0 0.071769 0.786932 0.009269 0.009693
0 0.877129 0.767714 0.012275 0.012032
0 0.121618 0.915775 0.016283 0.029412
1 0.288201 0.073195 0.136022 0.145053
1 0.198146 0.690341 0.092685 0.144719
1 0.361222 0.671959 0.195391 0.146056
1 0.086172 0.737634 0.067635 0.070187
1 0.060245 0.948195 0.084419 0.096925
1 0.944514 0.567179 0.110972 0.257353
1 0.849825 0.615140 0.083417 0.079211
1 0.759519 0.517714 0.060120 0.068850
1 0.469439 0.440341 0.056112 0.065842
1 0.649048 0.304311 0.037575 0.072527
1 0.615230 0.373329 0.055110 0.056818
1 0.758016 0.911430 0.050100 0.103610
1 0.937876 0.905916 0.086172 0.085896
1 0.255261 0.833055 0.055110 0.062500
1 0.313252 0.781250 0.050852 0.054479
1 0.157565 0.462567 0.040080 0.034759