1 0.212550 0.181985 0.011774 0.012366
1 0.196643 0.214071 0.007014 0.012366
1 0.701779 0.139372 0.066884 0.053476
1 0.676603 0.179311 0.026052 0.027741
0 0.841308 0.242313 0.007265 0.009358
1 0.526303 0.333890 0.156814 0.176471
1 0.590807 0.224599 0.028808 0.038102
0 0.485596 0.612132 0.034820 0.053142
0 0.554233 0.561163 0.017786 0.015374
0 0.634644 0.574866 0.009269 0.013369
0 0.734093 0.591410 0.030311 0.023730
1 0.945516 0.407420 0.108968 0.175802
1 0.916333 0.645722 0.167335 0.296791
0 0.991984 0.801972 0.013026 0.011698
1 0.925601 0.830715 0.148798 0.049131
0 0.726328 0.760695 0.011774 0.010695
0 0.711047 0.803309 0.018788 0.018382
1 0.660947 0.719418 0.065882 0.214238
1 0.766032 0.680314 0.122244 0.099933
0 0.391283 0.671123 0.014529 0.016043
0 0.294714 0.636698 0.012776 0.012701
0 0.274549 0.742313 0.021042 0.012701
0 0.503507 0.815842 0.010521 0.012032
0 0.049223 0.709559 0.007766 0.008021
1 0.141408 0.641878 0.261774 0.117981
1 0.131012 0.790107 0.259018 0.121658
1 0.337425 0.806317 0.146794 0.092580
0 0.336799 0.681484 0.016784 0.024733
1 0.345190 0.723429 0.097194 0.044452
1 0.511774 0.719418 0.147295 0.051136
1 0.701278 0.505348 0.174599 0.094920