0 0.088302 0.187500 0.010772 0.012701
1 0.983216 0.265207 0.033567 0.121324
1 0.945641 0.281751 0.013527 0.044118
1 0.802605 0.340575 0.025050 0.034091
1 0.828908 0.306150 0.019038 0.021390
0 0.722445 0.443850 0.011523 0.016043
0 0.779058 0.485628 0.012525 0.017380
1 0.933617 0.370154 0.054108 0.063837
1 0.894038 0.469418 0.085671 0.146725
0 0.846568 0.536263 0.009770 0.009693
1 0.756137 0.405749 0.075902 0.042112
0 0.770291 0.566009 0.010020 0.009693
1 0.802856 0.528743 0.061623 0.062166
1 0.947520 0.621658 0.038828 0.062834
0 0.144289 0.970087 0.011523 0.009693
1 0.638151 0.931317 0.068387 0.082553
1 0.923221 0.984459 0.028307 0.031083