1 0.091683 0.218082 0.028557 0.035094
1 0.908692 0.244820 0.028307 0.028409
0 0.013026 0.270555 0.007014 0.009693
0 0.158066 0.423463 0.010521 0.012701
1 0.145792 0.719418 0.282565 0.213570
1 0.179484 0.546791 0.197645 0.209225
0 0.063126 0.570187 0.006513 0.008021
1 0.376002 0.552640 0.176854 0.108623
0 0.345942 0.636197 0.014529 0.015040
0 0.321518 0.735461 0.017786 0.014372
0 0.442260 0.638870 0.014279 0.015709
0 0.439880 0.665943 0.012024 0.013703
0 0.701904 0.696357 0.041583 0.051136
0 0.798096 0.803810 0.017034 0.022727
0 0.818262 0.762533 0.009770 0.013035
1 0.956413 0.708723 0.087174 0.134693
1 0.875125 0.708556 0.089930 0.098930
1 0.843813 0.591578 0.071894 0.137701
1 0.587926 0.775067 0.165331 0.157754
1 0.389279 0.804144 0.186373 0.099599