0 0.074649 0.138035 0.044088 0.050134
0 0.169088 0.154913 0.010020 0.023061
0 0.215180 0.036932 0.016533 0.025067
0 0.257766 0.059993 0.032064 0.039773
0 0.277054 0.020555 0.011523 0.017714
0 0.344188 0.042279 0.033066 0.026404
0 0.396167 0.037099 0.036824 0.041444
0 0.427605 0.167781 0.023547 0.024733
0 0.495491 0.114305 0.086673 0.056150
0 0.575276 0.036263 0.100451 0.047794
0 0.625000 0.067513 0.027555 0.032754
0 0.688753 0.363971 0.012275 0.011364
0 0.915456 0.298295 0.005261 0.009024
0 0.856964 0.253509 0.005511 0.008356
0 0.517660 0.507520 0.007766 0.011029
0 0.600827 0.420287 0.010271 0.009693
0 0.292460 0.633189 0.011774 0.011698
0 0.362350 0.614639 0.008267 0.010027
0 0.521167 0.570856 0.014279 0.014037
0 0.009143 0.707721 0.007766 0.013035
0 0.122370 0.702540 0.013277 0.013369
0 0.073522 0.726437 0.005261 0.008356
0 0.029559 0.762199 0.010521 0.009024
0 0.172846 0.749499 0.007515 0.009693
0 0.228206 0.678810 0.009018 0.009358