0 0.309243 0.154245 0.015281 0.021725
0 0.761147 0.382520 0.009269 0.014372
0 0.893662 0.325702 0.005762 0.010361
0 0.970817 0.454545 0.014279 0.012032
0 0.830661 0.428977 0.007515 0.015709
0 0.616859 0.342747 0.034820 0.025067
0 0.632139 0.362299 0.011774 0.015374
0 0.623998 0.465575 0.008517 0.010695
0 0.225326 0.375334 0.010271 0.011364
0 0.227204 0.393048 0.009018 0.007353
0 0.268412 0.394385 0.011273 0.015374
0 0.293211 0.385528 0.010772 0.012366
0 0.221318 0.453543 0.020291 0.014037
0 0.401177 0.295455 0.028808 0.038770
0 0.439003 0.568349 0.008768 0.015040
0 0.480711 0.594251 0.008016 0.013369
0 0.582665 0.622828 0.013527 0.016377
0 0.663452 0.533590 0.013277 0.017714
0 0.511022 0.486464 0.005511 0.006350
0 0.634519 0.603108 0.007515 0.014372
0 0.751628 0.532253 0.007265 0.009693
0 0.752505 0.556818 0.009018 0.014706
0 0.767159 0.556985 0.006263 0.010361
0 0.911323 0.592747 0.048096 0.028409
0 0.773422 0.675635 0.013778 0.012366
0 0.113978 0.676136 0.006012 0.010695
1 0.192260 0.567848 0.372495 0.173797
1 0.443136 0.678142 0.583667 0.071524
1 0.086548 0.240307 0.070892 0.080214
1 0.292460 0.087066 0.148547 0.092580
1 0.554609 0.165608 0.045090 0.064505
1 0.896668 0.084893 0.206663 0.135027
1 0.522796 0.370154 0.125251 0.166110
1 0.835546 0.600602 0.105962 0.210561
1 0.533317 0.535428 0.166333 0.060160
1 0.821393 0.350602 0.051102 0.062166
1 0.674474 0.293115 0.054359 0.050134
1 0.978081 0.616310 0.043838 0.179144
1 0.986473 0.394051 0.027054 0.062166