0 0.660321 0.472426 0.017535 0.021056
0 0.919088 0.525234 0.020040 0.019719
0 0.152555 0.630849 0.011523 0.016377
0 0.424223 0.601103 0.011774 0.013035
0 0.950401 0.602440 0.014028 0.012366
0 0.485095 0.678810 0.017786 0.018048
0 0.599198 0.975769 0.024048 0.034425
0 0.152555 0.842747 0.022044 0.019719
1 0.025927 0.033590 0.049349 0.065842
1 0.775050 0.153409 0.449900 0.298797
1 0.076027 0.571858 0.070892 0.050134
1 0.207039 0.567848 0.049349 0.053476
1 0.265030 0.870989 0.070140 0.073529
1 0.150301 0.726103 0.064128 0.062500
1 0.099449 0.925969 0.047595 0.061163
1 0.434619 0.931651 0.051603 0.052473
1 0.926353 0.453041 0.097695 0.102607
1 0.013402 0.625167 0.024299 0.047794
1 0.450902 0.577874 0.026052 0.035428
1 0.285195 0.456384 0.036824 0.037767