0 0.074148 0.368984 0.007014 0.010027
0 0.473071 0.512199 0.014279 0.010361
0 0.555486 0.558489 0.015281 0.021390
0 0.578657 0.499833 0.008016 0.010361
0 0.330661 0.596591 0.022545 0.020722
0 0.227956 0.740140 0.013026 0.021056
0 0.564629 0.732955 0.010521 0.014706
0 0.562375 0.752172 0.009519 0.010361
0 0.694514 0.941344 0.012275 0.015040
0 0.938502 0.884191 0.009770 0.015040
0 0.552229 0.902574 0.017786 0.026404
0 0.633392 0.898897 0.013277 0.013703
0 0.135020 0.961063 0.018036 0.014372
1 0.451904 0.926471 0.138778 0.147059
1 0.354459 0.960561 0.069138 0.078877
1 0.186999 0.962734 0.056864 0.074532
1 0.686623 0.707721 0.078657 0.107955
1 0.819890 0.940508 0.187876 0.118984
1 0.963928 0.961063 0.072144 0.077874
1 0.951403 0.791778 0.085170 0.113636
1 0.040957 0.717246 0.031814 0.040107