0 0.054985 0.027908 0.063878 0.024398
0 0.054734 0.062333 0.009269 0.011698
0 0.071769 0.046959 0.009770 0.007019
0 0.631764 0.023897 0.085671 0.037099
0 0.669714 0.100100 0.023798 0.067848
0 0.616859 0.239305 0.010271 0.012701
0 0.660195 0.269552 0.035822 0.032420
0 0.593687 0.332553 0.015531 0.028075
0 0.632265 0.413770 0.030561 0.024064
0 0.628382 0.442346 0.011774 0.016377
0 0.553482 0.477273 0.020792 0.016043
0 0.598071 0.498496 0.017285 0.027741
0 0.718813 0.571023 0.010271 0.013035
1 0.625251 0.575702 0.052605 0.064505
1 0.717059 0.354445 0.151052 0.059158
1 0.962174 0.446524 0.051603 0.060160
1 0.693763 0.205882 0.100952 0.060160
1 0.544213 0.329545 0.044339 0.127005