0 0.091182 0.201705 0.033066 0.032420
0 0.032440 0.254846 0.019790 0.020388
0 0.042961 0.211731 0.017786 0.022393
0 0.456663 0.397226 0.014529 0.012366
0 0.245240 0.458556 0.010020 0.014706
0 0.167961 0.579044 0.008768 0.014372
0 0.448522 0.458556 0.012776 0.011364
0 0.839429 0.620321 0.029058 0.024733
0 0.817385 0.656083 0.015030 0.014706
0 0.157941 0.626337 0.011273 0.008690
0 0.195641 0.641210 0.009519 0.011698
0 0.394163 0.834225 0.009269 0.016043
0 0.414830 0.817179 0.010521 0.008021
0 0.307866 0.945354 0.010020 0.016377
1 0.114855 0.416277 0.219689 0.251671
1 0.071894 0.633523 0.136774 0.162767
1 0.362099 0.357955 0.110972 0.143717
1 0.367861 0.649733 0.110972 0.161765
1 0.182114 0.883690 0.208918 0.232620
1 0.681363 0.556150 0.185371 0.197193
1 0.907941 0.522727 0.184118 0.101604
1 0.938001 0.628008 0.123998 0.115642
1 0.072645 0.103275 0.135271 0.142380
1 0.392034 0.937166 0.122745 0.125668
1 0.279434 0.466410 0.025802 0.071190