0 0.446518 0.187667 0.011273 0.014372
0 0.471192 0.208222 0.010020 0.018717
0 0.481713 0.138202 0.013527 0.015709
0 0.488101 0.200702 0.015281 0.028409
0 0.543086 0.051471 0.011523 0.028743
0 0.471443 0.248162 0.010521 0.017714
0 0.509394 0.265207 0.011774 0.017714
0 0.501002 0.246491 0.010020 0.017714
0 0.556864 0.257019 0.011022 0.016711
0 0.571142 0.267045 0.012525 0.013369
0 0.592059 0.260528 0.012275 0.012366
0 0.626879 0.236130 0.020291 0.040441
0 0.647921 0.264706 0.014279 0.015374
0 0.672219 0.241477 0.011273 0.015040
0 0.689128 0.243984 0.010521 0.015374
0 0.725576 0.261364 0.010772 0.022059
0 0.756388 0.261531 0.004760 0.011029
0 0.797345 0.231451 0.013026 0.019719
0 0.822395 0.231451 0.007014 0.010361
0 0.855461 0.222761 0.009519 0.014372
0 0.888652 0.202373 0.014279 0.012366
0 0.923347 0.174799 0.010020 0.017380
0 0.986222 0.172961 0.010521 0.016377
0 0.256764 0.293951 0.014028 0.014372
0 0.227455 0.377841 0.009519 0.015040
0 0.587675 0.641210 0.019038 0.024398
0 0.188252 0.756350 0.021794 0.024733
0 0.719314 0.817012 0.016784 0.021056
0 0.988978 0.984793 0.019539 0.029746
1 0.109845 0.247660 0.207164 0.477941
1 0.336924 0.124332 0.200401 0.227273
1 0.585546 0.161263 0.134519 0.071190
1 0.110972 0.936497 0.062625 0.073529
1 0.578156 0.833055 0.122745 0.109291
1 0.645792 0.902574 0.107715 0.099265
1 0.810621 0.562333 0.088677 0.071190
1 0.831914 0.803977 0.137776 0.111297
1 0.972946 0.723262 0.054108 0.048128