0 0.090932 0.126838 0.022545 0.028409
0 0.271418 0.267213 0.020291 0.021056
0 0.314379 0.022226 0.013026 0.029078
0 0.359093 0.084726 0.019289 0.039773
0 0.344815 0.256183 0.011774 0.017045
0 0.431488 0.089906 0.012275 0.012032
0 0.779309 0.030247 0.044088 0.058489
0 0.767786 0.181985 0.016032 0.016377
0 0.844188 0.157921 0.018036 0.017714
0 0.438126 0.354278 0.015030 0.011364
0 0.508768 0.178810 0.009519 0.010695
0 0.115857 0.155749 0.010271 0.011364
0 0.468437 0.458890 0.021042 0.018048
0 0.712801 0.456384 0.010772 0.019051
0 0.750125 0.524398 0.038828 0.035428
0 0.828156 0.530916 0.018036 0.018382
0 0.820266 0.601437 0.010772 0.017045
0 0.763277 0.649900 0.024549 0.037767
0 0.813502 0.670956 0.024800 0.017714
0 0.910446 0.667614 0.020291 0.014372
0 0.913076 0.698028 0.012525 0.011698
0 0.951528 0.723596 0.022295 0.028075
0 0.559870 0.497159 0.016533 0.018382
0 0.418838 0.516043 0.019038 0.021390
0 0.098322 0.637701 0.015782 0.017380
0 0.108592 0.621324 0.012776 0.018717
0 0.663577 0.847928 0.016032 0.024733
0 0.449649 0.822694 0.016032 0.016377
0 0.109218 0.832052 0.016032 0.013703
0 0.352831 0.906584 0.027305 0.029078
0 0.430611 0.885528 0.013527 0.015040
0 0.448272 0.904913 0.009770 0.015040
0 0.478707 0.910261 0.012024 0.013703
0 0.552730 0.942012 0.016784 0.012366
0 0.821894 0.953710 0.015030 0.024398
0 0.796969 0.895889 0.012776 0.015709
0 0.850451 0.933991 0.017034 0.022393
1 0.162450 0.932152 0.309870 0.135695
1 0.091433 0.357787 0.167836 0.359960
1 0.148672 0.056985 0.283818 0.105949
1 0.286072 0.180816 0.147796 0.110294
1 0.585797 0.050301 0.248246 0.061163
1 0.642786 0.204713 0.127756 0.229612
1 0.596693 0.672126 0.234970 0.243984
1 0.935997 0.892547 0.128006 0.214906
1 0.921343 0.430816 0.157315 0.423128
1 0.914830 0.067012 0.168838 0.133356
1 0.246743 0.443015 0.081162 0.158088
1 0.217936 0.700368 0.106713 0.171457
1 0.358216 0.746658 0.128758 0.192513
1 0.672846 0.945521 0.161323 0.108957
1 0.539078 0.245822 0.124749 0.082553
1 0.627380 0.445856 0.068387 0.221925