0 0.185496 0.010862 0.015782 0.011029
0 0.441759 0.174131 0.023297 0.021390
0 0.965932 0.085227 0.061623 0.149064
0 0.153933 0.309659 0.008267 0.013703
0 0.164830 0.386364 0.014028 0.016711
0 0.166583 0.520053 0.015531 0.022727
0 0.154810 0.435160 0.013026 0.010695
0 0.156563 0.482453 0.014529 0.012366
0 0.065882 0.565007 0.011022 0.016377
0 0.007891 0.608122 0.012275 0.015709
0 0.088051 0.720922 0.017786 0.012701
0 0.085421 0.588737 0.011523 0.012366
0 0.223447 0.719251 0.020541 0.024733
0 0.098572 0.799967 0.011774 0.021056
0 0.103833 0.852774 0.015782 0.020388
0 0.055611 0.870488 0.007515 0.014372
0 0.108968 0.905080 0.021543 0.014706
0 0.722320 0.918115 0.009770 0.014706
0 0.825401 0.749499 0.009018 0.010361
1 0.060997 0.261531 0.113477 0.505682
1 0.605962 0.064338 0.102705 0.122660
1 0.438878 0.234793 0.057615 0.057821
1 0.116608 0.655916 0.050852 0.071190
1 0.121117 0.968249 0.068387 0.063503
1 0.648422 0.548797 0.024299 0.040107