0 0.049349 0.229111 0.009519 0.012366
0 0.532941 0.015541 0.014279 0.018382
0 0.595566 0.034425 0.011273 0.010027
0 0.507014 0.218249 0.010020 0.012032
0 0.687500 0.231116 0.018287 0.022393
0 0.738352 0.076872 0.012275 0.020722
0 0.988853 0.233456 0.007766 0.015040
0 0.740105 0.309659 0.009770 0.018382
0 0.857590 0.302807 0.015281 0.014706
0 0.813627 0.418616 0.020040 0.022393
0 0.952906 0.401571 0.008016 0.013035
0 0.970691 0.419619 0.031062 0.028409
0 0.775050 0.333222 0.010521 0.010695
0 0.663452 0.447527 0.012275 0.030749
0 0.304985 0.388536 0.016283 0.020388
0 0.278557 0.419118 0.008517 0.016711
0 0.247495 0.444184 0.009519 0.024064
0 0.102580 0.391711 0.018287 0.012032
0 0.515155 0.658757 0.013277 0.021390
0 0.747119 0.496491 0.011273 0.015040
0 0.628632 0.725434 0.013778 0.018382
0 0.538702 0.829545 0.011774 0.016043
0 0.653181 0.866143 0.017786 0.023061
0 0.722946 0.862299 0.012024 0.014706
1 0.255135 0.079880 0.497745 0.153743
1 0.396293 0.265374 0.196894 0.195187
1 0.461924 0.525401 0.353206 0.133690
1 0.070266 0.762868 0.110972 0.151404
1 0.215180 0.832386 0.160321 0.114639
1 0.430987 0.759525 0.129509 0.325201
1 0.899800 0.109291 0.200401 0.177139
1 0.870115 0.697025 0.259770 0.265040
1 0.614228 0.279913 0.116733 0.239639
1 0.672720 0.056985 0.091934 0.094586
1 0.847194 0.229779 0.235471 0.094586
1 0.878883 0.401237 0.096944 0.105949