0 0.095942 0.181985 0.011523 0.013703
0 0.368863 0.211898 0.008768 0.011364
0 0.411072 0.064171 0.007014 0.010695
0 0.990105 0.331718 0.008768 0.012366
0 0.453031 0.895053 0.014780 0.020053
1 0.497871 0.452540 0.066884 0.103610
1 0.292836 0.850267 0.107715 0.177139
1 0.517034 0.678142 0.040080 0.113636
1 0.547094 0.872493 0.145291 0.212901
1 0.635646 0.918282 0.048347 0.081217
1 0.912575 0.060328 0.174850 0.105949
1 0.970190 0.229779 0.059619 0.134693
1 0.971067 0.390709 0.057866 0.055481
1 0.239354 0.159592 0.234719 0.281751
1 0.041583 0.211898 0.082665 0.255348
1 0.444389 0.156751 0.125251 0.082219
1 0.455661 0.258690 0.124248 0.072193
1 0.555862 0.052640 0.051102 0.072527
1 0.191007 0.883021 0.050852 0.046791