0 0.196268 0.120154 0.006764 0.009693
0 0.345316 0.086063 0.008267 0.009693
0 0.443888 0.219084 0.006513 0.010361
0 0.668963 0.227607 0.012275 0.012701
0 0.782565 0.135695 0.013527 0.014706
0 0.968312 0.199866 0.009770 0.031417
0 0.558492 0.353777 0.009770 0.015709
0 0.812625 0.527072 0.020541 0.018717
0 0.772295 0.339739 0.003507 0.017714
0 0.994865 0.425468 0.010271 0.034091
0 0.816759 0.712233 0.011273 0.024733
0 0.880010 0.629178 0.018537 0.018382
0 0.973071 0.651237 0.007265 0.011029
0 0.771668 0.651237 0.013277 0.031083
0 0.743236 0.682654 0.014529 0.011698
0 0.754760 0.671791 0.024048 0.012701
0 0.935120 0.720421 0.014529 0.011698
0 0.992610 0.708556 0.010772 0.018717
0 0.512400 0.616811 0.019289 0.029078
0 0.536448 0.634693 0.014279 0.012701
0 0.592811 0.585394 0.035822 0.045789
0 0.576904 0.644385 0.010020 0.015374
0 0.631012 0.626003 0.009018 0.008690
0 0.354459 0.615475 0.048096 0.043115
0 0.328532 0.588904 0.013277 0.025401
0 0.419714 0.739138 0.010271 0.015709
0 0.383016 0.576203 0.006513 0.009358
0 0.035696 0.654412 0.014279 0.022727
0 0.882515 0.394051 0.009519 0.016043
1 0.341308 0.394719 0.163577 0.310829
1 0.051353 0.443015 0.102204 0.338570
1 0.162575 0.499833 0.126754 0.162767
1 0.228457 0.707721 0.310621 0.112634
1 0.599699 0.701537 0.249499 0.100267
1 0.576278 0.472594 0.174599 0.145722
1 0.587174 0.111631 0.152806 0.168449
1 0.442761 0.156751 0.099449 0.068850
1 0.206037 0.047126 0.222194 0.063503
1 0.024173 0.086564 0.047846 0.162433
1 0.895792 0.231952 0.090180 0.241979
1 0.778432 0.429144 0.129509 0.096925
1 0.952405 0.559993 0.095190 0.138035
1 0.786323 0.583389 0.135271 0.057821
1 0.597194 0.279412 0.077655 0.086898