0 0.081037 0.250668 0.011273 0.016711
0 0.698397 0.325869 0.008517 0.015374
0 0.571393 0.314840 0.015030 0.014706
0 0.548347 0.502507 0.032565 0.026404
0 0.828532 0.728944 0.012776 0.021390
0 0.852956 0.717914 0.013026 0.016043
0 0.635396 0.676972 0.024299 0.023061
0 0.638652 0.631183 0.024800 0.033088
0 0.314128 0.641544 0.010020 0.013035
0 0.312124 0.806484 0.021042 0.032754
0 0.445140 0.798463 0.018036 0.018048
0 0.511648 0.785595 0.032816 0.013703
1 0.229835 0.228610 0.094439 0.105615
1 0.291583 0.029746 0.037575 0.046791
1 0.316633 0.059826 0.037575 0.060160
1 0.541708 0.050802 0.036824 0.053476
1 0.189379 0.689171 0.205411 0.193850
1 0.480461 0.639205 0.255511 0.189505
1 0.643537 0.804144 0.201904 0.113636
1 0.804484 0.584392 0.162074 0.136029
1 0.658191 0.225267 0.030812 0.041444
1 0.884519 0.412433 0.042585 0.048128
1 0.775551 0.830715 0.035070 0.037767