0 0.070892 0.110795 0.007014 0.015040
0 0.226703 0.205882 0.008517 0.012701
0 0.449274 0.053476 0.008768 0.011364
0 0.446894 0.362467 0.030561 0.080548
0 0.439254 0.446357 0.021293 0.072527
0 0.431738 0.525902 0.019289 0.066511
0 0.819765 0.473429 0.013277 0.015040
0 0.145165 0.808824 0.015281 0.016043
0 0.581413 0.840408 0.038076 0.034425
0 0.869113 0.672460 0.010772 0.019385
1 0.775551 0.113302 0.448898 0.207219
1 0.853457 0.327707 0.236974 0.219586
1 0.320391 0.087233 0.217936 0.170455
1 0.065256 0.032587 0.123497 0.059158
1 0.923597 0.465909 0.128758 0.085561
1 0.121994 0.515040 0.071643 0.116979
1 0.190882 0.548797 0.054108 0.060160