0 0.027931 0.431317 0.009770 0.013035
0 0.312876 0.756684 0.014028 0.022059
0 0.427229 0.831551 0.015782 0.013369
0 0.561247 0.835227 0.016283 0.021390
0 0.527680 0.982620 0.029309 0.026070
0 0.667585 0.976939 0.018036 0.028743
0 0.776678 0.836230 0.016283 0.014706
0 0.724198 0.832721 0.009519 0.017045
0 0.015907 0.888536 0.008768 0.013035
0 0.349699 0.893884 0.012024 0.015040
0 0.279058 0.842246 0.012024 0.018717
1 0.181613 0.936497 0.292084 0.127005
1 0.208793 0.809492 0.105962 0.140374
1 0.685621 0.911096 0.350200 0.066845
1 0.848071 0.966578 0.303858 0.046791
1 0.197520 0.206217 0.046844 0.083556
1 0.267159 0.127841 0.049349 0.091243
1 0.690882 0.022560 0.067635 0.041110
1 0.619364 0.319352 0.048347 0.057821
1 0.444639 0.451370 0.045090 0.041110
1 0.637776 0.599599 0.030060 0.034759
1 0.925852 0.532754 0.026553 0.048128
1 0.870366 0.722259 0.040832 0.030080
1 0.266032 0.293783 0.035070 0.048797
1 0.459294 0.125000 0.030812 0.025401
1 0.257640 0.023061 0.046844 0.035428
1 0.017159 0.283757 0.021794 0.040107
1 0.495741 0.014539 0.042084 0.028409