0 0.032189 0.030414 0.013277 0.022727
0 0.421468 0.024064 0.017285 0.020722
0 0.517159 0.258690 0.010772 0.014706
0 0.692260 0.101103 0.008768 0.010361
0 0.918838 0.807821 0.016032 0.014037
0 0.693011 0.961063 0.021293 0.037767
0 0.686874 0.887701 0.016032 0.034759
0 0.711423 0.875334 0.012525 0.012032
0 0.795716 0.901905 0.015782 0.017045
1 0.185371 0.044285 0.100200 0.069184
1 0.367986 0.030247 0.047595 0.045789
1 0.879760 0.035428 0.056112 0.066845
1 0.651804 0.416778 0.037575 0.056818
1 0.720316 0.322694 0.034319 0.049131
1 0.913201 0.851939 0.060872 0.046791
1 0.978081 0.853108 0.043838 0.084559
1 0.729459 0.949532 0.032565 0.050134
1 0.799223 0.988302 0.041834 0.023396