0 0.006638 0.043951 0.010271 0.043783
0 0.032941 0.167279 0.012776 0.011698
0 0.032565 0.207386 0.010521 0.013703
0 0.302355 0.094084 0.015531 0.014372
0 0.248747 0.100267 0.022545 0.013369
0 0.248497 0.191009 0.013026 0.017714
0 0.294464 0.213402 0.035321 0.062500
0 0.272921 0.206718 0.012776 0.013703
0 0.380636 0.124164 0.040832 0.045120
0 0.453783 0.282253 0.023297 0.035762
0 0.768287 0.266377 0.014028 0.014706
0 0.726578 0.239138 0.014780 0.018382
0 0.780937 0.457721 0.011774 0.018382
0 0.754259 0.350936 0.009519 0.015374
0 0.475701 0.327373 0.016032 0.025735
0 0.308742 0.343249 0.013778 0.016043
0 0.254634 0.426303 0.011774 0.017714
0 0.019664 0.439505 0.010271 0.012032
0 0.008267 0.448864 0.009018 0.014706
0 0.093562 0.520053 0.053357 0.100267
0 0.193262 0.567346 0.016784 0.033088
0 0.222946 0.482955 0.021042 0.031417
0 0.526303 0.586063 0.017034 0.025067
0 0.371117 0.701705 0.014279 0.019719
0 0.303858 0.718082 0.013527 0.021725
0 0.089554 0.809993 0.021794 0.038436
0 0.505135 0.820689 0.008768 0.013703
0 0.963176 0.816344 0.012525 0.016377
0 0.706288 0.860127 0.010271 0.012366
0 0.324649 0.826036 0.013527 0.009024
0 0.607340 0.961063 0.019289 0.024398
0 0.647796 0.906250 0.010020 0.019051
1 0.215556 0.812333 0.159569 0.355281
1 0.149549 0.287099 0.157816 0.254011
1 0.510396 0.174131 0.126002 0.157086
1 0.406814 0.528910 0.159319 0.251671
1 0.554609 0.726103 0.294589 0.136029
1 0.859719 0.617313 0.140281 0.237299
1 0.657315 0.473095 0.142786 0.198195
1 0.777179 0.894385 0.068387 0.140374
1 0.888527 0.871992 0.082665 0.211898
1 0.967435 0.567346 0.065130 0.186163
1 0.792585 0.130515 0.136273 0.181484
1 0.977956 0.267547 0.044088 0.059158
1 0.943637 0.325535 0.037575 0.052139
1 0.040331 0.787266 0.062625 0.069184