0 0.249248 0.194017 0.013026 0.011029
1 0.229459 0.347259 0.014028 0.026070
1 0.388151 0.346424 0.029309 0.037099
0 0.388527 0.378844 0.016533 0.021725
0 0.487099 0.306818 0.010772 0.027406
0 0.166834 0.413770 0.010020 0.030080
1 0.411824 0.444184 0.012525 0.020053
1 0.755636 0.595254 0.021794 0.038770
0 0.371743 0.643215 0.024549 0.024398
1 0.133768 0.808322 0.015030 0.019051
1 0.868863 0.765207 0.035822 0.026404
1 0.891157 0.725434 0.041834 0.043783
1 0.919714 0.696190 0.013277 0.020722
1 0.922595 0.874332 0.026553 0.032754
1 0.646668 0.947025 0.011774 0.011029