0 0.086799 0.252340 0.020792 0.018717
0 0.103958 0.221758 0.012024 0.013035
0 0.292961 0.286765 0.012275 0.014037
0 0.584669 0.225434 0.007014 0.009024
0 0.987725 0.257520 0.009519 0.011698
0 0.089679 0.409425 0.008016 0.007353
0 0.111849 0.326537 0.007265 0.014037
0 0.196268 0.469920 0.008267 0.012701
0 0.790706 0.653576 0.012776 0.009024
0 0.592184 0.612968 0.013026 0.013369
0 0.361097 0.632186 0.011774 0.013035
0 0.283692 0.599933 0.007265 0.011364
0 0.041333 0.687834 0.008016 0.012032
0 0.764153 0.717246 0.074900 0.095588
0 0.793712 0.766377 0.008267 0.014706
0 0.054233 0.761197 0.008267 0.011029
0 0.004384 0.748162 0.007766 0.017045
0 0.177856 0.783924 0.014028 0.011029
0 0.541834 0.837066 0.010020 0.017045
0 0.851453 0.930314 0.007014 0.013703
0 0.121368 0.989639 0.006263 0.012701
0 0.096568 0.936999 0.009269 0.019719
0 0.140406 0.991143 0.009269 0.009024
1 0.480210 0.941009 0.455912 0.117981
1 0.917209 0.750668 0.165581 0.287433
1 0.879008 0.979947 0.104208 0.040107
1 0.117109 0.597259 0.066884 0.103610
1 0.211047 0.660261 0.119489 0.131350
1 0.080661 0.830214 0.077655 0.072193
1 0.027806 0.492647 0.045090 0.054813
1 0.045716 0.580047 0.039329 0.044452
1 0.403432 0.487634 0.108467 0.095588
1 0.486222 0.362299 0.045090 0.050134
1 0.595566 0.371156 0.031814 0.054479
1 0.915706 0.384024 0.119489 0.118316
1 0.816759 0.392380 0.061874 0.132353
1 0.746994 0.474766 0.042585 0.072527
1 0.394289 0.791778 0.180361 0.098262
1 0.464053 0.660428 0.146042 0.147059
1 0.578908 0.688503 0.081663 0.083556
1 0.213928 0.423128 0.191884 0.066845
1 0.405937 0.372326 0.036824 0.058824
1 0.671092 0.411765 0.076152 0.046791
1 0.620992 0.441344 0.037575 0.045789