0 0.017535 0.233456 0.011523 0.013035
0 0.084043 0.201705 0.018788 0.016377
0 0.124123 0.194519 0.012776 0.019385
0 0.150426 0.171123 0.010772 0.013369
0 0.337675 0.123663 0.011022 0.027406
0 0.211924 0.169786 0.010020 0.010695
0 0.545215 0.135695 0.013277 0.014037
0 0.770541 0.071023 0.011523 0.016377
0 0.832791 0.005849 0.006764 0.010361
0 0.094940 0.382520 0.012024 0.012366
0 0.167209 0.264706 0.004259 0.012032
0 0.026177 0.492313 0.007766 0.017380
0 0.284694 0.438001 0.006764 0.015040
0 0.422470 0.471925 0.010271 0.017380
0 0.476954 0.466410 0.077655 0.086564
0 0.496869 0.536598 0.009770 0.021056
0 0.284945 0.536598 0.010271 0.013035
0 0.649549 0.327874 0.012525 0.009358
0 0.003883 0.565675 0.006764 0.019719
0 0.011648 0.627172 0.010271 0.013703
0 0.218938 0.641878 0.009519 0.014372
0 0.664830 0.902908 0.011022 0.015709
0 0.257766 0.777741 0.014028 0.012701
1 0.337174 0.907086 0.207916 0.185829
1 0.090807 0.912099 0.065882 0.100267
1 0.172971 0.905414 0.083417 0.189171
1 0.062375 0.711564 0.072645 0.080214
1 0.174599 0.732620 0.090180 0.086898
1 0.375000 0.674799 0.235471 0.171791
1 0.273297 0.109459 0.100200 0.159425
1 0.440631 0.127674 0.152806 0.227273
1 0.615982 0.254846 0.059118 0.117981
1 0.833417 0.196858 0.095190 0.088904
1 0.703657 0.032420 0.117735 0.030080
1 0.704534 0.153409 0.110972 0.104947
1 0.598948 0.854612 0.070140 0.203877
1 0.643537 0.596257 0.062625 0.094920
1 0.656939 0.717747 0.074399 0.112634
1 0.855586 0.370655 0.039329 0.055481
1 0.349950 0.463570 0.080160 0.170455
1 0.141658 0.432988 0.035822 0.057821
1 0.162575 0.505515 0.049098 0.069184
1 0.143412 0.596925 0.040832 0.086898
1 0.238226 0.425301 0.055110 0.124666
1 0.789203 0.473262 0.028307 0.053476
1 0.731713 0.467580 0.035070 0.055481
1 0.726202 0.520555 0.042585 0.074532
1 0.658066 0.502674 0.025050 0.030080
1 0.967310 0.068683 0.065381 0.082553
1 0.942510 0.145555 0.034319 0.029078