0 0.825651 0.062834 0.008016 0.012032
0 0.336548 0.448864 0.008768 0.009358
0 0.706914 0.557821 0.013026 0.013369
0 0.488352 0.573864 0.014279 0.016043
0 0.290205 0.781417 0.007766 0.010027
0 0.228582 0.877340 0.011774 0.012701
0 0.113352 0.794953 0.007265 0.011029
1 0.058241 0.629679 0.105962 0.165775
1 0.048221 0.928309 0.044339 0.052473
1 0.445266 0.884860 0.113477 0.121324
1 0.900050 0.732620 0.199900 0.133690
1 0.939629 0.963904 0.065130 0.072193
1 0.527054 0.749499 0.060120 0.062500
1 0.526177 0.651905 0.066884 0.041110
1 0.150426 0.973262 0.051854 0.053476
1 0.264028 0.952874 0.073647 0.056818
1 0.168337 0.811163 0.062625 0.070187
1 0.249374 0.793449 0.060872 0.085561
1 0.450150 0.546791 0.035070 0.060160
1 0.624248 0.750000 0.027555 0.052139
1 0.690757 0.800134 0.096944 0.063503
1 0.628507 0.962233 0.056112 0.071524
1 0.781313 0.846925 0.047595 0.103610