1 0.076653 0.030916 0.152305 0.061163
1 0.067385 0.140040 0.031062 0.046123
1 0.122370 0.175969 0.070892 0.170789
1 0.014279 0.200535 0.027054 0.068850
1 0.054734 0.235963 0.039830 0.030749
1 0.855586 0.086731 0.193637 0.171457
1 0.672470 0.181818 0.022796 0.026070
1 0.965556 0.306985 0.068888 0.071190
1 0.294840 0.295287 0.080160 0.095254
1 0.195892 0.403409 0.020040 0.020722
1 0.172595 0.563336 0.142786 0.127340
0 0.601829 0.578041 0.017285 0.020388
1 0.835170 0.544619 0.097194 0.083222
0 0.034068 0.842246 0.012525 0.014706
0 0.962049 0.770722 0.006764 0.010695
1 0.931363 0.922460 0.098697 0.147059
1 0.717059 0.990140 0.022295 0.019719
1 0.757390 0.968917 0.020792 0.021390
1 0.860847 0.949866 0.019289 0.032086