1 0.009394 0.027574 0.016283 0.046457
1 0.171969 0.077874 0.168587 0.154412
1 0.117485 0.183322 0.232966 0.230281
1 0.139905 0.327373 0.082415 0.068516
1 0.029559 0.423295 0.056112 0.174131
0 0.380386 0.047293 0.029309 0.034425
1 0.386398 0.014037 0.225701 0.027406
1 0.428983 0.320856 0.034820 0.041444
1 0.538577 0.511865 0.041082 0.044452
0 0.640406 0.244485 0.020792 0.024398
0 0.956288 0.663102 0.026303 0.034091
1 0.929734 0.165775 0.058367 0.076203
1 0.791708 0.238469 0.123998 0.149398
1 0.726453 0.392714 0.051603 0.085561
1 0.857340 0.330548 0.068888 0.057487
1 0.832164 0.440007 0.037575 0.047794
1 0.955286 0.434158 0.089429 0.263369