0 0.158317 0.435829 0.045090 0.048128
0 0.138652 0.586230 0.029309 0.032086
0 0.340180 0.422460 0.020040 0.034759
0 0.657440 0.454211 0.025802 0.042112
0 0.627630 0.346925 0.011273 0.014037
0 0.361723 0.608623 0.011523 0.012701
0 0.894414 0.549131 0.016784 0.023396
1 0.553357 0.890876 0.604709 0.218249
1 0.038452 0.274733 0.060872 0.080214
1 0.054609 0.449198 0.035070 0.068182
1 0.014279 0.395722 0.027555 0.118984
1 0.211172 0.599098 0.052605 0.082553
1 0.183367 0.693182 0.040080 0.056818
1 0.329785 0.282754 0.055862 0.046791
1 0.397044 0.400067 0.065130 0.090241
1 0.356588 0.700869 0.040832 0.043449
1 0.611097 0.504345 0.031814 0.125000
1 0.635646 0.556651 0.050852 0.044452