0 0.054734 0.100769 0.099950 0.115976
0 0.030060 0.218416 0.024048 0.024398
0 0.016032 0.261531 0.031563 0.041778
0 0.100200 0.260027 0.016032 0.033422
0 0.158066 0.014037 0.034068 0.022727
0 0.133642 0.047126 0.010772 0.019385
0 0.321142 0.196357 0.107715 0.180816
0 0.900927 0.232286 0.034319 0.028743
0 0.804484 0.467079 0.046844 0.053810
0 0.958918 0.382353 0.067134 0.086898
0 0.906313 0.455715 0.086673 0.051805
0 0.736849 0.488971 0.076904 0.077540
0 0.486723 0.515876 0.020040 0.015709
0 0.538201 0.529412 0.039329 0.031417
0 0.551478 0.494652 0.026804 0.018717
0 0.644664 0.516544 0.012776 0.021056
0 0.680987 0.497995 0.015782 0.046791
0 0.251503 0.473262 0.045591 0.062834
0 0.382265 0.489305 0.058617 0.040775
0 0.354459 0.715742 0.014028 0.031083
0 0.358216 0.767881 0.013527 0.011029
0 0.052355 0.798463 0.009018 0.015374
0 0.129133 0.762032 0.007766 0.008021
0 0.163452 0.841912 0.016283 0.016043
0 0.172846 0.726939 0.017034 0.022059