0 0.098697 0.196357 0.011022 0.011698
0 0.270917 0.187333 0.010772 0.013703
0 0.371242 0.426471 0.012525 0.013369
0 0.205286 0.273563 0.013277 0.011698
0 0.047345 0.498162 0.008517 0.013035
0 0.060746 0.570689 0.014279 0.014372
0 0.184619 0.590241 0.012024 0.014706
0 0.294213 0.397727 0.011273 0.013369
0 0.608216 0.402239 0.013527 0.013703
0 0.779058 0.502841 0.071142 0.087233
0 0.816508 0.562500 0.009269 0.012701
0 0.429484 0.641377 0.008267 0.013369
0 0.562625 0.633523 0.010020 0.016377
0 0.069013 0.815174 0.026303 0.028075
0 0.100075 0.840909 0.015281 0.015374
0 0.156688 0.916277 0.104459 0.075201
0 0.139654 0.846591 0.029810 0.037433
0 0.105461 0.746324 0.012024 0.015374
0 0.142660 0.802807 0.032315 0.014706
0 0.848823 0.952707 0.008267 0.010361
1 0.497745 0.846925 0.536072 0.306150
1 0.904684 0.716076 0.190631 0.251671
1 0.084043 0.977774 0.164579 0.044452
1 0.925476 0.488803 0.149048 0.218249
1 0.021543 0.043951 0.042585 0.087233
1 0.032315 0.301638 0.041082 0.051136
1 0.186373 0.445187 0.191884 0.173797
1 0.413452 0.278242 0.103457 0.115976
1 0.876127 0.182988 0.232214 0.134693
1 0.515406 0.485963 0.198647 0.103610
1 0.363853 0.584559 0.055862 0.075535
1 0.508768 0.152908 0.070140 0.059158
1 0.603958 0.165107 0.040080 0.052139
1 0.969815 0.053643 0.060371 0.074532
1 0.081914 0.635862 0.065130 0.062500