0 0.495616 0.399733 0.015281 0.020722
0 0.573021 0.554813 0.063377 0.044786
0 0.915581 0.491811 0.011523 0.010361
0 0.935496 0.504846 0.007766 0.018382
0 0.543587 0.635194 0.062124 0.045120
0 0.412325 0.672961 0.015531 0.017714
0 0.436874 0.599098 0.029559 0.029746
0 0.405561 0.696858 0.013026 0.012032
0 0.367360 0.584057 0.009770 0.012366
0 0.519289 0.575702 0.016533 0.040441
0 0.118236 0.703041 0.110220 0.035762
0 0.233216 0.638369 0.082164 0.036765
0 0.265656 0.590408 0.009269 0.013035
0 0.419589 0.815508 0.079158 0.059492
0 0.545842 0.781584 0.056613 0.065842
0 0.455536 0.763035 0.021293 0.023396
0 0.508267 0.834559 0.008016 0.016043
0 0.786573 0.773563 0.009018 0.013703
0 0.949775 0.768215 0.024800 0.021056
0 0.888527 0.689672 0.019539 0.017045
0 0.845817 0.936999 0.005762 0.012366
0 0.865230 0.994318 0.007515 0.011364
0 0.973196 0.896557 0.017535 0.021056
0 0.500376 0.902072 0.037325 0.066176
0 0.549223 0.899064 0.006764 0.014706
0 0.468687 0.962400 0.012525 0.011698
0 0.495491 0.957888 0.009519 0.009358
0 0.067761 0.751671 0.008768 0.009358
0 0.043963 0.789104 0.007766 0.008021
0 0.015782 0.779412 0.007014 0.008021
0 0.004133 0.801805 0.005762 0.010027
1 0.973572 0.949866 0.052856 0.073529